743.4
170.2
309.6
407.5
879.3
26.6
2749.8
451.8
290.4
1202.8
2852
903.9
672
858.6
244.3
360
764.5
798.1
1433.7
56.7
3009.6
208.6
2966.4
239
2988.3
221.3
3361.3
560
1544.2
981.9
11.5
75.1
283
3048.4
1087.1
11638.3
2157.9
562.9
122.2
724.8
20.8
452.1
21.9
3192.4
6170.3
47.4
131.4
2304.9
2187.9
933.4
3584.8
4.3
314.5
484.9
43254.1
4679.4
1946.6
42.7
10849.3
5035.4
71.4
2348.6
1299.1
2386.2
273.8
49479.9
95.9
1519.6
367.9
2615.3
43.8
2454.9
9593.4
1966.1
5535.2
3188.6
4435.3
2080.3
32506.3
106.3
2208.9
98.4
1231.6
5342.7
1026.1
613.5
727.5
119.7
198.6
561.9
36767.6
6150.7
670.7
3344.4
17.8
523.8
1644.8
99.5
1565.9
16609
1208.2
645.9
31
105.9
1500.9
163.5
7997.1
59.6
1764.9
80.2
31
12918.6
24
468.5
3745.2
2063.4
607.5
1683.3
38.6
134.9
727.2
48
253.3
151.6
398.3
111.4
44.2
58
277.9
41.3
2647.8
133.3
202.7
249.1
948.9
163.4
767.3
519.3
1022.3
1137.2
286.8
80.3
102.9
48.5
133.9
248.9
1147.7
974.8
36.9
20.3
90.9
36.2
240.5
151.8
184.8
47
6865.1
1191.7
278.6
103.7
686.8
684.3
75.9
14.9
33768.3
4560.2
160.2
22.7
125.5
724.4
48
84.2
48.7
9.7
97.8
20946.4
12059.8
1619.4
7411.3
148.9
44.6
62.7
291.5
1823.3
5.3
53.9
23.3
440.7
424.5
175.6
81.2
9.6
49.9
110.5
395.8
351.2
129.4
914.3
299.4
280.5
27.5
108.1
35.7
10960.9
24964.9
41.2
31.6
59.2
135.8
115.3
5.1
50
553.9
31.8
80.5
884.8
209.2
39.9
28.3
1426.3
242.6
2497.1
1444.4
68.8
45271.7
3677.7
532.9
268
710.2
426.2
453.9
877
3.9
1085.2
1729.6
44
336.1
6.9
132.4
218.4
264
4156.7
3255.4
1883.3
879.9
2603.5
37.2
436.6
822.4
591.2
26.6
158.6
78.1
515.5
106
723.8
270.5
593.5
237.1
2774
6146.2
5796.3
1226.9
2733.5
1589.5
40.9
86186.9
2195.5
1001.1
1196
2169.5
696.9
446.5
431.2
1073.5
184.8
4141.5
178.4
928
524.3
3568.3
184.7
14.4
1515.7
788.3
2824.5
88.7
1314.7
740.7
1140.3
734.5
3402.5
647.7
552.7
1735
10.5
721.4
173.7
199.7
708
71.6
1746.4
1107.5
649.9
2743.9
50.4
1144.4
530.6
16589.9
68.6
36.8
306.9
658.9
43.1
46.7
100.9
628.8
667
1467
501.7
1647.3
481.5
837.9
1652.6
4777.9
492.3
196.4
315.8
2936.6
507.2
34
6271.3
1785.5
632.3
3417.3
3860.2
13.3
41.9
10842.7
1774.6
4092.9
17.6
3238.3
368.3
79.5
1322.1
2293.3
297.6
65784.4
1021.8
2341.8
3008.8
3231.9
1084
7586.8
1336.7
2763.9
4833.8
744.1
14068.5
2481.9
2335.6
6735.9
1906
6506.7
2091.9
4975.5
58626.4
752.7
422.7
349.6
3090.4
3061.5
219.4
5275.9
1230.2
838.1
966.8
36.2
115.6
624.8
3917.7
24.7
6114
73898.6
1553.5
9296.2
5623
2581.1
3727.3
5167.4
3640.4
16.5
1559.5
2663.8
25131.9
1653.1
1905.5
41.3
8060.4
5174
610
5853.6
108632
146.1
475.2
63.9
5570.4
959.2
127.2
2371.9
6685.9
189.3
94.4
50507
3067.3
12210.7
240
1407.5
3537.7
196.2
11091.1
4428.9
13.6
29.3
36.9
99
44.2
66.1
93.5
148.7
33
20.4
28.8
3596.1
172.7
55688
19.1
5.6
173.6
3.7
161.9
67560
57.6
214.8
149.5
54.5
27.7
229.9
354.3
560
69.2
26.3
18.6
137.4
279.2
8232.7
61.6
8532.5
15383.2
355.7
320.1
55.5
9.6
318.5
18973.8
37.7
21816.9
4168.5
201.3
93.1
73.1
52479.3
115.5
119.9
27620.5
10733.1
13848.5
62
185.1
224.2
101.9
27.5
31.2
53
261.2
34
8.1
175.9
658.9
28.8
68711.4
37.7
373.3
2339.6
40152.8
612.8
166.4
103.7
68.7
305.6
70.1
70.5
699.8
210.7
19.3
201.6
176.3
245.9
40.7
38049.3
1429.5
359.3
11741.5
5895.7
224
1185.7
29.5
81.4
1440
432.7
2856.9
690.3
33.3
2164.9
265.1
202.2
3602.8
635.1
633.5
324.8
319.8
344.2
1569.5
1811.4
152.9
820.8
1646.9
1855.9
631.7
1095
42.2
1006.4
96.2
1706.5
2602.7
272.7
194.6
6502.5
931.4
599.8
109347
1117.4
306
690.9
16.3
3811.7
6111
550.7
576.3
1457.7
221.3
1498.3
193.8
144
795.4
1088
1593.7
1712.9
6398.1
783.8
1712.8
1361.6
1051.2
735.7
342.8
10.6
1958
2121.4
8811.5
5502.9
3637.6
640.7
1458.7
4825.6
2242.6
194.1
358.3
239.2
3107
60.6
406.9
420.3
1132.8
74.7
2151.2
2454.2
993.8
779.9
1005
307.1
840.4
296.7
4861.8
1076.7
40842.3
1130.3
2592.3
1774
2165.9
942.1
511.3
1120.5
75.8
18.3
2982.3
1277.3
6578.2
2352.3
5745.5
218
2047.5
225.6
7792.4
509.3
1126.1
93.6
7182.7
690.1
1127.9
23620.9
771.9
966.6
857.1
192.5
5681
605.7
829.5
81.4
1799.6
74178.2
92907.8
17500.6
2202.6
189.9
1867.7
1465.4
1021.8
518.1
10326.1
1128.2
31.3
1206.1
257.9
6238.1
7840.3
229.1
6613.6
655.9
139.7
3045
457.9
36.3
2625.7
16657.9
4007.1
5522.4
1089.3
657.8
1280.8
2857
926.1
656.1
92231.8
1466.8
3959.2
7978.8
122362
9129.9
3784.8
912.6
275.7
181.9
1175.2
41369.4
951.6
727.9
8037
3107.6
790
3126.3
4533.8
20365.7
108.1
8173.3
1403.2
2656.5
7262
9486.5
2062.2
624.9
1036.9
3604.8
17.9
4182.7
1829
177.5
1563
8381.6
1986
6390.2
98.7
14961.4
2954.2
400.5
7578.6
7573.3
200.9
1351.9
47.4
21646.3
9.5
187.7
390.1
38802.4
4541.8
700.8
342.9
32.5
77.6
45
26375.5
284.3
20.4
58.7
47.6
374.3
274.2
506.3
261.8
115.7
213.8
170.2
30.9
676
4.5
44.6
17.4
423.9
152.2
2117.5
19.8
158.1
8.6
172.1
53.2
158.4
172.7
50.9
97
45.5
153
133.6
57.2
18.8
389
23.1
250.8
165.9
178
153.8
84.9
941.3
276.1
16.6
149
14.4
18.5
57
31.5
30.5
63.4
281.1
2144.1
12.2
381.9
38.3
114.8
24.1
33173.9
108.6
26.9
2426.1
35190.3
68640.9
64192.6
31.7
570.4
290.7
1117.5
93.7
127.5
23232.8
105456
123.1
366.7
135.1
72.8
1132.5
188.9
13.7
207.5
409.4
316.7
318.5
75.3
7.8
287.4
314.7
412.2
73
40.7
29.9
766.6
388.3
100.5
268.4
37.7
369.1
30.8
325.7
158.7
308.5
864.6
130.2
49.5
266.5
30
242.7
866
537.5
391.3
95.2
1368.9
77.7
118.7
857.2
65.9
197.1
9.7
27.1
464.6
217.4
917.8
80.7
2283.9
251.9
963.9
135.8
93.5
3737.6
335.6
750.4
3664.6
1441.9
79.9
34.5
54.2
242.6
205.8
343.2
361
649.9
929.5
706.8
4131.6
166.6
858.9
87.6
3112.3
12
1657.6
986.2
9185.9
576.8
60.4
1393.1
312.6
2188
307.9
2896.5
828.9
354.7
1266.9
132.6
1356
749.2
1525.8
277.6
58.5
63.2
483.1
215.5
1808.2
195.6
828.2
12.6
2394.2
845.4
504.6
190.4
1216.3
779.5
33.1
1113.6
1426.9
162.5
465.1
470.7
408.7
59.2
520.3
696.1
528.9
2878.2
1289.3
85.9
921.4
1279.5
352.3
486.7
6627.5
669.4
2658.2
733.9
77.9
168.5
2421.5
1133.3
791.7
1163.9
5349.5
202.9
44.2
1414.6
634
224.1
171.8
419.1
810.4
252.7
47.7
885.3
164.7
62.3
8373.6
2897.3
939
708.6
4498.2
5489.9
3209.6
5018.9
3960.7
35736.3
143.7
10115.8
14418.3
939.8
157.3
47
12723.7
1595.6
2675.9
502.3
340.4
763.7
158.8
1829.2
664.4
593.6
563.7
8544.9
7649.3
117.8
278.1
1571.4
3069.5
6610.8
3734
439.4
11093.7
754.1
425.6
115.6
8705.4
374.9
50132.9
312.1
3650.7
1586.8
1113
1221
636.1
55.3
141.6
2537.5
102.8
6687.7
8369.5
1510.3
3816.7
23490.7
459.1
486.7
75.9
69.3
317.1
144.3
5955.7
33874
6632.6
10493.6
336.4
10362.7
603.7
437.1
633.6
127.6
574.7
1842.1
454.7
17.1
3227.9
241.2
28099.9
370.4
353.1
616.3
50170.3
4061.6
2443.1
38935.6
1337
780.8
5402.6
1996.2
2684.6
1964.5
1178.9
2490
6242.4
2355.1
42143.1
288.6
34.9
7.7
9.7
714.6
154.3
209.7
68.5
216.2
90.1
204
306
4
138.2
97
213.6
8840.2
191.2
112.8
32.3
17.7
9.5
327.6
111.4
135.3
113
101.6
239.4
52.3
121.5
92.7
228.1
39.8
156
918.9
133.4
91.4
230.5
48361.6
3727.5
30.7
47.9
22.4
36704.5
64.2
18291
2795.5
131.8
53.9
3249.8
67.9
17.7
371.8
227.3
536.9
547
42.2
1097.6
15.2
28.7
28.6
172.6
20.2
60.3
552
157.9
27.7
116.7
628.2
8.1
94.3
40.9
55.2
1604
614.2
503.8
817.7
150.4
25.4
144.3
438.5
807.8
33.6
148.9
237.3
241.6
197.4
90
111.6
1107.7
119.9
30.8
175.8
650.4
7.4
468.3
3935.7
606.5
2629.9
58.1
42
140.8
336.8
2471.8
447
74.5
256.4
18.7
587.4
373.5
257.4
112.1
48.5
22.8
33
544.8
69.3
82.6
209.7
50.3
97.8
6004.2
71.7
145.4
164.1
612.3
54.2
424.1
350.7
544.7
54.6
149.1
18.2
11.7
11.7
7.4
16.5
387.7
824.1
15.9
48.7
839
76.8
51.1
223.3
12.5
139.8
69.5
243.9
38.4
22
59.3
409.4
678.6
432.9
802.5
194.9
1968.4
638
74.5
45.9
32.4
400.9
1104.5
266.2
43.2
303.9
266.5
296.1
1536.3
2247.8
1262.2
120.5
423.6
518.3
1826.4
295.5
230
2363.2
29.1
111.9
285.4
1824
8625.3
519.5
157629
21.2
688.4
89.4
93
2126
1884.2
154.6
1823.3
207.3
174.8
85.8
173.1
198.4
12288.8
209.5
62.2
693.5
1832.7
21.8
1266.2
8.6
817.4
122.9
1527.7
648
15.3
32.4
511.8
528
23036.3
75.7
2000
2973.8
150.2
303
138.5
60.6
19.1
227.8
1888.1
1484.8
42.8
1051.4
1119
35.7
1121.4
2091.5
502.3
215.9
179.6
39.8
13172.9
8431.6
3176.6
631.3
800.8
1366.3
1647.7
564.8
6877.5
1596.1
1356
2240.9
3702.5
241.8
1746.1
1301.3
741.5
527.5
188.5
142.5
30.8
4511.4
15556
205.2
881.5
1196.1
3763
1833.4
3143.5
4650.5
8457.3
4081
735.8
2027.7
423.1
401
582.6
312.9
3179.2
188.6
3487
638.2
2449.3
9092.9
792.1
503.5
89.5
672.8
3331.5
6884.3
120.1
48801.7
17966.4
5942.6
5482.3
269.6
12596.8
506.6
2418.4
630.1
36240.8
689.4
1589.5
1909.4
916.2
492.6
1066.2
11.1
301.6
1313.4
21.1
708.4
47.3
798.5
278.8
764.9
3919.3
2328.1
666.2
3851.2
606.2
245.6
625.3
725.8
120.3
188.2
2165.5
383.3
503.3
706
269.1
979.3
1609.5
10467.3
801.6
281.9
439.9
1022.9
4839.6
25239.2
15033.1
20.2
1815.1
725.9
1931.2
1344.6
236.2
926.1
1236.9
8819.9
4136.6
655.2
234.6
250.1
370.8
587.9
305.4
3396.2
2874.4
37.7
285.6
514.4
13.9
42.9
241.5
24
90.8
669.4
64.1
33.8
185.4
10.7
255.5
21.2
574.5
103.3
31.7
1210
878
182.8
299.7
25319.1
324.2
10944.3
4642.1
36490.7
303.9
1338.7
453.9
122.4
177.8
69
182.1
28.9
860.6
3906.3
30901.7
183.1
3466.2
148.8
1085.1
271
154.7
4680.6
1340.1
132.9
394.3
1758.6
50.5
90.4
98.6
209
186.3
1272.8
34.9
162.1
213.5
5462.4
9.6
24.4
258.4
472
1214.8
46.5
350.3
1842.2
1297.8
1277.8
269.3
651.8
1275.8
178.5
2168.4
1454.6
447.8
70.3
211.1
372.5
781
992.6
634.1
259.7
48.5
32
7807.4
101.7
7229.7
223.6
1190.9
16.1
284.4
253
5243
3592.3
1863.3
2596.2
391.6
868.6
361.1
978.9
185.8
460.5
2028.7
635.1
504.3
1292.6
338
715
296.6
587.6
387.2
2183.1
641.3
60.3
46.6
298.5
941.4
284.3
2188.4
399.9
3670.3
863.6
34.9
823.3
34.1
292
101.4
224
130.9
310.7
251.8
312
527.1
71.4
917.1
57.5
2103.3
108.6
932.5
385.1
25.1
251.2
247.5
871.6
392.4
365.7
959
330.9
5.7
35.9
1016.2
310.4
158.4
8.2
448
36.3
1992.5
336.3
34.1
1494.3
333.7
275.2
192.6
838.5
1766.4
92.8
6050.3
430.1
177.3
36
1704.2
565
503.3
197.5
486.5
320.8
11245.5
989
760.7
1250.2
1609.5
680.2
390.8
5955.6
2584.2
1484.7
1875.4
384.4
1152.9
181.2
353.2
69
1203.8
2073.7
2185.8
595.1
250.8
2469.5
349.3
129.6
672.5
91
734
1403
2014.7
709.8
389.5
627.2
503.5
205.3
294.6
398.5
329
1613.9
266.8
455.9
838.7
825.1
20739.9
550.2
830.5
2957.4
1603.9
1365.3
1121.7
578.3
1558.8
7326.8
378.6
930.2
383.7
1158.7
1920.4
1256
3099.7
181.8
144.3
3128.9
1851
1174.4
3634.4
6682.8
443.7
1100.9
18394.3
431.2
128.9
23.5
13
553
35.2
1634.9
204.7
97.2
872.8
601.5
1016.8
265.2
68.8
33.7
271.4
1934
43.2
291.7
256
4844.4
3993.6
635.2
449.8
4524
2365
94.9
16.9
62.2
213.9
224.1
25.3
12.1
40.6
26.2
38.6
56.4
65.4
136.3
141
81.8
71.9
219.4
245.1
26.8
20.2
179.1
59
68.9
85.5
821.8
948
69.1
103993
37.4
47.9
263.2
26.5
127.7
268.2
30.5
116.6
332.4
154.4
293.8
37.1
44.4
209.3
25.2
68.5
38.7
2174.4
425.2
39.3
64
86.1
589.9
1213.3
297.3
1073.5
1149.6
862.7
3195.6
339.8
156.3
113.6
808.3
55.7
23488.2
55.5
42.7
82.4
890.5
359.9
862.4
182.5
388.7
80.1
47.2
220.9
20.5
164.8
48.5
4067.7
16.8
3907.9
252.9
344.1
186.2
16.7
40.7
184.2
30.4
546.9
367.2
148.9
97.8
311
3856.7
121
218.5
1006.4
56.2
11.1
1762.7
93.9
1965.9
403.2
86.8
317
862.1
532
144.6
44.1
611.3
1062.5
307.4
810.2
6.4
21.9
223
34.5
231
2147
1006.3
68
1495.7
564.4
327.3
61.6
35
9.8
11.6
1267.5
376.7
312.6
14.7
410.4
61.7
90.2
1011.6
29.9
51
162.9
813.8
1038.6
17.4
1028.4
7
431.4
386
439.5
32.2
44.3
3938.3
1508.5
142.5
91
358.5
125.3
27258.4
4725.3
1220
2654.8
78.6
1663.8
491.4
248.7
800.8
686.9
202.4
2763.2
135.1
1183.7
51
2506
458
295.4
628.3
869.9
2147.6
716.2
498.9
936.5
494.1
350.4
2737.9
233.1
1095
122.5
19.1
6012.5
893.2
20.5
859.5
6581.1
2617.6
1961.4
35.2
450.1
185.3
466.6
1923.8
521
51.8
380.8
124.6
250.4
587.3
2019.5
387.7
196.9
2219.4
937.6
3442.7
1043.5
1413.6
701.1
139.6
7459.9
6.5
1131.3
46.7
19.8
28.1
10945.7
12.9
33.1
157.3
78.8
703.2
14876.5
380.1
335.9
18
242.5
218.2
358.2
1077.6
2030.9
180.9
795.4
363.7
35.6
6.2
998.5
270.1
4238.5
313.1
1114.5
861.4
377.9
15365.3
1131.8
548.4
1064.2
16.5
2780.3
1314.7
244.9
804.4
1606.5
85.3
304.2
1144
193.6
46.6
273.9
5650
746.3
844.6
186
449.7
225.8
199.9
467.7
457
306.4
579.3
22.2
1152.5
103.2
419.6
658.8
114.9
219.3
984.4
4340
415.5
130.3
1239.4
1191
1151.5
242.5
3.4
166.6
122.4
41.4
39.4
114.8
1063.4
1401.8
96.1
634.8
37.2
2650.7
6.7
721.6
271.3
4490.9
394.9
896.2
1564.2
646.7
449.5
2286.2
34.7
452.5
8.8
690.8
758.2
4109.9
254
431.3
59.1
121.8
571.5
43.1
135.5
779.4
122
385.7
1786
355.1
395.6
454.8
1286.3
188.6
274.9
8.6
68.6
30.5
484.6
598.2
401.2
71.1
357.1
36
401.4
823.8
270.3
1677.3
27.7
710.8
51.4
1539.8
725.2
603.2
17.1
247.5
1746.8
111.2
1684.3
134.2
62
56.6
1364.3
192.6
79.8
87.5
962.4
161.7
1501.7
3131.6
765.5
514.5
254.4
5599.3
217.6
443.3
3489.9
120.9
1795.5
308.2
263.1
1239.1
56.9
9334.1
4371.1
3.8
47.3
74.6
1568.1
679.1
907.4
2140.4
2515.5
1324.5
2001.9
1047.1
1229.7
2521.9
239.6
76.7
170.3
73.3
487.3
2661.8
1116.7
2527.5
1574.7
1558.5
1205.6
2353.1
581.7
1031.7
703.6
928.3
243.9
604.5
437.8
149.7
1279.9
2312.7
99.9
1361.7
1180.8
28.4
888.2
1025.7
246.7
1518.4
303.9
4147.9
3039.9
338.8
1127.8
98
283.6
329.5
81.7
717.9
820.6
362
1107.7
55.2
1336.3
225.1
456.3
722.2
311.1
201.4
6701.7
1436.5
22.1
665.3
1526.3
1302.8
505.3
6174.6
1950
2240.5
43480.2
1273.8
300.4
550.8
27.5
528.1
2888.9
751.3
154.8
638.2
884.3
344.2
1442
1129.7
4300.5
1891.7
2548.2
675.1
149.2
319.5
110.3
1514.5
182.8
180.1
1434.5
838.1
387.4
119.8
314.4
286.5
1146.2
145.1
29
5341
19420.2
1008.7
594
1036.5
487.8
1132.1
121.2
278.6
989.5
189.2
611.7
1345.1
25.4
15.5
721.6
544
452.7
911.9
160.7
413.6
588.4
478.6
27.7
159.6
289.9
412
1092.2
2139.8
485.7
35.9
929.8
77.1
12.5
1260.7
33.2
30.2
1662.7
945.9
688.1
173.2
279.2
239.3
791.1
350.5
331.1
3750
349.4
30.5
104
166.4
536.2
248.3
1491.5
1329.3
228.4
1012.7
995.2
2109.4
259.9
393.7
263.2
611.1
19.2
75.9
370.4
339.3
1198.4
8638.3
89
98.7
906.3
1043.1
2176.4
166.9
821.1
216.2
407
3825.5
143.5
277.7
845.3
278.6
29.5
266.1
1412.4
201.3
2214.1
1121.8
34.8
357.2
1925.7
828.5
7.4
818
497.5
997.7
3399.9
948
227.4
1056.8
126.6
224.7
593.1
127.7
439.8
388.5
2132.9
72.7
736.2
1121.7
3503.5
1263.9
295
855.4
5689.5
1303.5
784.8
3870.2
343.8
5139.4
843.1
4043
3368.9
270.3
78.6
687.9
215.1
192.5
690.1
883.5
1550.8
51.6
336
470.1
2742.5
3836.1
2193
119
35.2
629.6
599.5
257.8
101.4
816.5
4398.5
71.6
469.3
370.9
2863.8
2154.7
237.4
726.6
897.7
441.4
1133.9
5640
1120.6
1303.1
2464.9
1752.5
3371.9
1652.8
166.1
3494.7
444.2
2278.2
35.2
1154.5
260.2
437.3
8359
642.4
1067.3
1069.2
2540.6
535.1
1835.1
174.6
1113
2078.8
318.5
775.4
714.9
943.1
15.4
2914.5
1363.5
184.8
2404.7
777.9
47.7
431.9
1564.6
2064.9
1532.2
2974.6
748
114
464
479.8
1313.8
192.6
5506.3
365.4
460.3
156.8
32
684.4
3051.2
1005.7
146.3
234.5
3942.6
159.2
52.8
505.6
884.6
1879.7
220.1
46.3
12.7
555.7
3.5
639.8
254.3
806.7
15.3
460.7
550.4
698
342.6
1042.7
1407.1
417.1
75.2
88.9
1747.5
450
88
323.1
353
271.9
129.7
26.7
319.5
665.3
3960.2
1737.2
2056.3
15.7
215.2
3738.4
1352.8
239.6
1237.8
86.2
175.9
205.6
985
235.2
729.3
3488.1
153.2
448.2
38.5
1796.1
294.6
261.2
574.5
937.3
1309.3
87.7
588
308.1
46.1
519
33.1
98
86643.5
30.7
261
255.8
1682
337.3
1346.5
78.7
768.9
401
2081.5
37.2
2015.3
120.1
653.8
652.7
204
827.3
17730.2
6790.2
2125.8
278.1
4386.9
1286.5
988.3
1257.7
1558.1
2610.7
318.5
818.5
5.3
572.4
1510.6
3303.2
95.5
100.4
3993
2127.1
4366.2
855.3
178.4
3043.4
292.7
1182.1
74.3
216.7
365.4
1446
15137.1
54.4
808.5
752.1
531.5
707.5
81.6
350.2
294.4
260.4
846.3
57.5
367.6
616
393.8
4448
444.2
5275.1
93.1
938.1
447.5
9.2
63.9
336
66293.6
1314.6
1819.6
4434.1
185.4
500.2
1749.6
2476.4
855.5
2711.5
486.2
101.6
1062.8
825.6
3805.4
2197
808.6
278.7
33.3
7522.6
1058.2
2076.5
31.2
14696.7
941.4
451.4
25.5
2351.8
1577.7
273.9
3028.4
959.9
1824.5
770.4
184.7
1872.4
376.4
1232.8
782.5
453.3
188.2
2941
1512.4
673.6
293.5
308.6
916.2
479.7
43.7
192.8
5808
83.8
1001.8
4121.5
303.3
1445.6
10.6
774.4
232.8
73
226.2
371.1
1029.6
6871.5
235.1
660.7
5052.5
66.1
1907.1
308.5
305
751.6
45.1
303.1
1213.1
490.4
414.8
3194
240.8
518.7
2095.8
5247
97.4
213.3
1816.5
532.1
606
54.9
566.4
258.3
1503
2497
783.3
160.5
17.8
937.9
2557.3
432.3
151.9
102.7
1015.9
1470.8
773.6
244.3
478.5
3312.6
192.1
553.8
387.9
406.3
400.2
536.1
1403.1
4887.9
560.1
1828.8
112.2
169.3
1084.1
151.3
893.7
2277.6
206.3
37.3
1170.5
86.3
11.6
221.6
1315.2
864.9
114.6
764.9
2029.9
3718.6
439.1
1823.3
107.8
290.6
185
1372.9
1317.6
584.9
46.4
976.1
30.9
253.6
534.1
130.8
289.2
1280.1
1403.4
136.5
720
626.2
573.4
1222.4
1093.8
1107.7
278
446.1
149.2
76.3
1836.2
778.5
3772.2
4055.4
441.2
314.5
232.9
227.6
779.9
5876
715.5
475.5
1494.7
421.5
386.3
175.7
313.2
2388.9
3843
941.3
120.7
92.7
19.6
646
312.4
6.8
2119.8
37.9
1055.3
55
1097.3
271.6
347.5
1713.4
485.9
2244.7
1357.1
2039.9
1166.1
14.4
1933.1
1178.6
3215.8
61.9
112.8
423.2
131.2
488.8
772.7
203
4725
233.4
1816.1
2172.7
759.2
2743.6
2649.5
4892
31.2
894.8
591
9510.5
120.1
10272.6
1466.9
1121.6
3139.7
386.4
1845.9
1717.1
1378.7
25.3
190.7
3848
796.9
627
1354.8
4963.2
361.2
2186.1
1331
1060.3
710.5
3052.9
395.6
110.4
1506.4
1291.9
485.5
781.9
814.2
296.3
2289.8
938.4
1689.5
1292.3
121.9
843.8
625.6
1588
381.6
530.7
2686.1
1146
35
124.6
63
308.7
150.6
372.1
2370.5
165.7
213.8
146.9
33.2
726
66.5
537.3
125.4
196.1
6160.3
387.2
521.4
2765.5
530.5
1889
4830.5
495
171.4
112.9
5804.1
418.2
660.4
19.7
147.7
102.4
22.4
111.7
693
119
311.4
14.8
41.5
3
90.1
595.3
14.7
2476.3
591.9
618.5
433.8
129.9
118.2
1155.2
35.2
263.3
1124
1524.3
931.1
318.2
393.2
654.4
317.9
359.1
1382.4
71.4
1409.4
1622.5
14.1
23.4
972.7
3049.7
257.7
138.1
38.7
2648.4
676.6
298.4
636
490.3
20.2
612.2
192.2
558.7
406.8
163.4
4919.8
591
801.9
574.6
421.2
5964.3
19.7
158.5
5905.8
1042.2
2051.3
1801.6
6641.3
1860.9
524.4
548
5346.7
2671
1328.1
46.9
1322.6
2073.2
3011.3
1042.2
1988.7
612.9
902.4
140.1
1149.9
734.4
903
3780.9
6472.7
2199.6
89.2
31.4
1202.1
2836.9
1237.3
1099.5
2199.4
1886.1
9070.3
6501
749.1
122
1427.6
1724.4
279.8
750.3
3294
1478.5
1768
2901.9
1119.6
110.7
10550.2
506.2
10413.5
1968.2
1611
66.7
2190.4
704.2
3649.2
1443.3
2986.8
1954.6
1056
7856.2
294.8
572
1091.6
735.2
1354.9
5569.7
1862.3
224.9
1186.4
1023.9
1927.4
1825.1
236
356.4
670.3
1085.1
3475.2
857.8
1961.3
364.4
1287.4
14434
1846
435.9
2938.9
2055.2
1694.8
1708.7
1147.7
4202.2
2659.1
1874
1375.3
6218.2
3886.7
851.7
1289.6
80.4
430.8
997.3
38.7
271.5
837.4
2353.8
1520.9
165.1
101.3
511.5
21.8
939.1
248.7
1418.1
1221.5
205.2
45.6
957.3
1020.5
531.3
11.7
25.7
87.8
1013.2
10066.8
68.6
689.5
1397.8
751.3
678.1
308.3
110.6
871.7
1732.6
117.2
1154.3
97.6
344
797
735.3
336.4
1836.2
138.7
1093.9
134.2
1380.4
1395
526.8
383.7
4661.6
292.4
225.7
1630.2
236.2
239.7
262.3
229.4
1678.8
1619.2
492.7
695
171.8
85.6
259.8
2328.8
130.5
95.7
1082.3
10615.3
4028.4
1633.3
398.3
144.4
18432.1
1730.7
199.7
1359.3
5410.6
1894.4
1162.1
2860.4
1687.8
2877.4
980.5
251
8690.5
386.4
1934.7
7182.8
1115.9
3469.2
433
643.1
406.2
3103.5
1489.1
630.8
2106.3
693.7
109.2
793.4
404.7
1454.1
571.6
4676.3
642.5
264.5
976.4
7645
309.1
312.4
1906.2
1378.4
337.2
1341.7
1708.6
2433.6
1956.4
521.1
28.1
448.6
7972.8
998
818.7
1503
1222.9
502
2106.5
1138.9
890.8
159.9
217.9
2614.5
695.4
342.5
2394.7
1929
666.2
13025.2
449.5
1135.2
429.4
974.2
471.3
1982.2
441.6
83.6
685.7
516.3
324.2
1779.6
150
19.7
1016.1
6855.8
3881.9
498.5
1117.6
634.1
52.9
9052.6
3631.7
1037
738.8
2930.1
1135
2609.4
12.5
1103.3
921.8
1399.5
824.3
1426.4
415.2
1491.4
224.3
2002
15
513.9
1580.6
20453.3
1215.8
3011.1
509.1
2359
1509.6
1309.3
3272.2
766.4
651.2
111.1
1743.1
883.5
288.4
2133.6
1546.7
3322.5
2087.1
696.4
1365.4
30.9
305.1
663.3
5544
11.4
1643.2
815.1
3094
1323.4
658.6
2156.6
1054
4640.3
943.7
479.8
1296.4
409.7
110.2
397.8
2036
562.8
615
609.1
175.8
4804.2
301.3
3041.3
46.6
905.2
841.8
481.6
763.4
49.6
780.2
300.9
594.1
311.6
832.6
1642
69
284.2
166.2
3181.4
535.4
460.5
26.4
417.6
100.7
1329.7
2057.5
1172
105.8
1488.7
65.1
1701.2
710.1
127.5
1250.4
141.4
3247.4
1216.5
341.7
177.1
99.8
190.4
1049.1
331.4
2270.6
244.9
153.7
298
82.1
1814.2
300.9
766
980.7
1157.6
532.7
692.9
1257
86.4
319.5
708.3
1614.2
1421.6
22.3
1213.7
412
5337.4
399.2
1716.3
1692.7
426.6
20.3
251.7
22.1
31.8
805.5
34.8
3484.9
537.5
482.1
113.4
115.1
50.2
13.3
327.5
781.5
1377.8
1106.2
778.1
193.1
5.1
525.6
503.7
439.9
33.7
1206.7
2462.7
744.3
12076.4
48.2
1263.7
129.3
90.4
1871.2
330.7
2840.3
881.9
305.4
154.4
654.4
949.5
2377.7
4421.8
216.7
599.4
1468.1
892.8
1247.6
82.2
118.4
120
2138.7
756.1
141.5
973
702.3
167.4
2585.2
775
48.3
1532.5
1117.2
4618.1
1686.4
185.7
503.6
16.3
3799.1
55.3
964.6
995.6
3821.5
15.2
2299.1
1798
1633.5
4577.4
323.4
3800.8
823
1268.7
94.6
351.8
965.5
15.8
592.9
495.9
3087.6
1363.7
1234.1
682.1
217.7
530.9
359.1
109.3
1032.1
1337.7
7093.3
468.3
1424.2
1053.7
1096
203
4497.8
2396.4
4315.3
469.3
937.5
360.5
1221.3
959.3
22074.1
79.5
1514.3
445.6
642.1
435.9
562.8
10989.1
224.8
1096.1
3581.2
2708
1447.1
848.5
1392.8
630.2
583.3
416.3
2671.1
470.1
4937.5
337.9
58.9
20.5
10475.1
1093.4
702.5
149
61.1
266
171
751.4
166.5
83.8
1163.1
581.5
1068.8
407.8
212.5
212.8
306.6
345.5
525.3
277
601.9
570.7
543
1247
77.9
87
554.5
46.6
514.2
877
1991.2
48.7
497.3
371.8
92.7
923.5
165.6
253.9
2017.7
581.2
3771.7
1717
2256.6
113
103
169.9
728.5
472
1686.7
244.6
508.1
872.7
142.9
609.3
812
3307.1
863.2
21.6
2748.9
290.5
1712.8
1447.6
25.4
1145.5
4739.9
1668.9
3941.1
119.7
552.2
3836.6
5384.3
2638.2
4876.4
7995.7
2135.8
385.9
15.3
4032.4
380.2
18
1107.6
233.1
419.8
365.2
328.5
1583.1
34.8
2089.2
3116.4
752.9
1852.8
157.3
4544.4
3181.1
2117.7
1483.3
33.4
54.6
557.6
277.5
104.7
2807.9
1509
2043.5
2020
273.5
944.6
797.8
3747
3549.6
3227.7
1180.7
1007.2
1886.2
15.2
111.7
43
27.8
2661.2
2730
1250.7
223.6
778
1510.7
207.3
1134.3
394.3
396.8
219.5
1231.4
4987.4
436
3479.6
570.3
1649
4516.4
24615.1
999.4
1526.8
29.5
324.9
270.1
24053.2
79601
3415.3
648.2
428.5
3067.7
108.6
6088.6
2563.4
1333.9
2108.1
2619.1
2547.9
1056.5
777.2
824.1
21897.4
1139.5
1932.7
1499.2
2627
370.5
1524.3
11148.8
256.8
4024.2
1220.5
833
3588.9
823.1
240.1
10147.3
2843.6
760.8
4100.1
8669.9
1782.4
6996.7
1814.6
2132.4
150.7
579
768.1
1045.2
564.5
391
3293.7
14346.9
851.9
179.6
636.2
15.3
2306.2
48.3
1512.1
90.7
145.4
4175.2
3870.3
431.6
3935.9
4165.6
46.8
636.5
243.1
972.7
160.7
549.1
1020.6
5102
1744.3
4903.7
2179.9
852.9
1411.3
3029
841.8
120.3
1666.9
994
518.4
2027.9
1432.5
763
970.5
499.4
96.2
5103.7
5237.3
813.2
13.1
441.8
667.4
20861.5
3345.5
4.2
1078.4
945.1
954.4
8679.4
5010
547.7
785.9
4281.2
1966.6
848.1
120.3
763.3
1413.2
633.1
10824.7
436.1
3312
1326.7
1619.9
595.2
4185.7
576.8
438.3
308.4
17357
16.7
747.7
4662.7
15
737.6
55.2
238.3
123.9
1362.5
3717
3950.7
611.7
165.7
23248.9
559.5
117.9
2743.3
1232.2
3950.3
102
9498.8
635.4
6505
5209.8
91.3
1787
523.2
9758
1025.7
2137
412.5
587.1
1012.9
609.4
2380.1
9255.6
11527.8
222.2
25410.3
13575.8
8414.3
3276.3
701.2
8827.3
11793.5
826.1
5396.3
2024.6
1332.2
1222.8
3642
2138.6
3768.4
3462.9
2412.9
5100.3
33.5
5721.5
132.3
2282.3
2991.3
2156.3
14229.5
2265.7
1738.3
3369.9
2908.5
804
2669.2
10586.8
8770.9
6596.9
1902.9
1681.9
1763.1
3153.9
364.4
14364.3
1878.7
887.5
1476.8
4060.2
2165.5
2957.7
1588.4
763.4
397.6
2889
8926.5
1219.2
3666.8
5613.5
2580.9
2168.4
490.8
2914.1
3603.9
148.5
1137.8
6107.6
8683.3
10316.1
5764.1
4767.1
2679.5
1034.3
511.5
5580.2
3353.5
2656.5
1556.7
120.1
153.2
6607.4
325.3
1629.3
539.6
2570.9
2286.7
647.8
149
3660.1
28
1595.5
3859.4
5540.8
2030.8
1875.7
1741.4
1057.7
6195.5
536.5
1461
2117.7
33380.3
446.4
2154.5
294.9
2866.8
1751
14229.1
1544
3840.4
2873.9
4575
495.9
3417.3
265
125.2
169.7
50.5
5087.2
1258.2
9026.1
82
11211.9
18934
1702.3
3130.4
3441.3
4174.9
803.8
874.4
8888.7
7470.1
4749.3
2907.6
663.2
252
32.6
45.9
1164.5
425
1415.3
1171.3
1925.5
221.1
1669.2
936.1
563.8
3175
45.1
28072
5645.9
37.8
367.8
701
78
15.1
535.4
582.5
44.9
354.6
99.6
3589.4
188.6
3552.2
3802.4
76.8
219.6
13.7
1019.1
1558.6
1123.4
1302.3
1017.8
1618.7
3727.7
5281.3
850.6
13718.8
6768.6
3720.7
1549.8
1912.5
3455.4
86.1
1159.8
100.7
575
5157.9
85.4
1106.1
8.7
1144.6
2307.8
3590.5
1043.3
2975.1
1401.7
3196.7
2318.5
26.5
1420.3
518.8
7748.9
178.8
12894.8
1155.3
29.6
258.7
2713.7
2219.4
1006.6
2697.8
458.3
920.9
271.6
1931.7
535.7
419.5
613
49.6
436.6
602
5374.5
14824.2
609.6
333.8
3084.7
897.1
1830.3
6548.5
3036.3
5900.3
1250.9
385.1
32359.3
252.5
887.4
1535.3
362.7
1073.9
6606.8
388.4
426.7
1122.3
1468.4
1401.3
7622.4
83.7
17.6
2297.4
2518.7
6.5
48.6
106.8
1078.9
508.7
292
911.5
1538.5
2100.7
1589.8
2885.7
540.8
4966.8
347.2
2895.4
13176.1
4754.7
620.1
2142.7
65
678.4
20.2
336.6
467.6
41.6
5940.7
1893.7
3746.9
1697.2
2435.2
2826.5
12308.5
1300.3
144.8
3990
511.7
4654.9
218.2
699.1
26487.5
1680.1
2890.8
76.5
7803.4
516.1
4096.9
1901.5
9152.7
1997.4
1003.9
1669.2
30815.4
2839.3
2123.9
4700.6
389.7
6.4
504.3
6301.3
631.2
260.4
325.5
197.6
156.1
6496.9
2237
829.8
2446.8
984.1
4039.8
309.5
3466.3
425.3
1912.6
2159.9
1257.2
398.6
1583.5
59193.9
637.6
300.2
54.9
1187.8
281.2
845.2
370.3
1125.7
3013
216.2
662.2
349.6
529.7
503
2296
274
308
1971.2
3087.4
46.3
55.8
1240.5
1142.4
860.1
37
1274.5
1936.3
945.9
2281.6
294.2
1655.8
1460.8
186.1
1432
1065.2
315.1
227
1183.4
405
546
451.5
484.8
646.1
1339.4
7256.3
507.7
1656.7
93.7
849
728.8
858.1
1844.2
281.6
595.6
158.5
184.2
2668.7
1036.5
567.3
1773.3
70.5
430.9
105.8
409.4
213.8
602.5
1524.9
840.2
1007.3
19.8
1401.1
466
128.7
10
1152.1
421.1
202
1481.6
30.9
1017.7
1118.3
3946.5
4239.4
78.2
815.9
343.6
119.5
289.1
283
4027.8
293.3
1140.2
5195.4
76.6
464.1
3608.4
383.2
1232.3
1399.8
18.6
3551.4
1158.6
2457.8
253
96.4
1052
3770.1
946.7
859.2
414.4
1605.9
174.5
191.1
1419.2
84.5
821.3
594.7
471.4
215.8
260.2
7660.6
1306.9
708.5
7107.4
160
526.1
2843.7
506.7
919.9
754.3
1833.3
563.7
22.1
126.7
783.9
460.9
638.1
688.9
2848.2
1374.8
37.2
48.2
177.7
455.7
1397.7
43.9
3060.2
1509.4
271.4
170.9
1111
2666.1
628.7
796.6
1395.9
1925.9
499.1
1241.7
2903.5
281.6
383.2
517.6
1399
134.3
33.8
18931.7
216.9
3364.5
719.9
1322.3
1882.1
689.3
21052.1
600.9
62.7
1900.7
3293.6
296.8
580
787.3
939.3
136.1
315.2
1648.4
415
207.9
4770.9
1377.3
1885.3
3100.6
4839.7
868.3
245
1515.6
117.2
1784.6
170.1
534.8
516.4
990.5
651.9
483.4
3115
868.6
1466.4
780.2
38.8
107.5
788.6
1715.1
1684.3
402.2
915.3
2440.6
755.3
2041.1
2790.6
2025
1297.2
371
808.2
3513.9
548.1
3742
897.2
117.6
30.8
4993.2
1549.2
2646.9
2529.9
851
1258
1539.4
2027.4
107.5
1455.6
90.9
338.2
1200.9
1011.5
714.2
1226.3
1202.9
688.7
72.7
133.2
683
3355.6
269.9
259.9
1082.1
387.3
388.2
3124.6
2458.6
3566.5
826
40025.7
32.5
1054.4
708.3
45.3
999.7
3272.9
2216.6
4259.8
168.7
191
17079.1
54.6
689.6
768.6
3490
626
59.2
1672.3
1410.6
68.8
170
24.7
2472.3
6630.3
2677.4
5393.7
648.7
257
1921.6
193.4
174.7
495.6
318.5
2707.1
5
1495.2
1020.4
564.5
2425
341.4
109.1
173.2
4676.5
359.2
1307
344.5
720.4
286
1147.2
1013.9
249.5
618.1
1171
37.5
1083.4
2004.3
652.2
42.5
382.5
98.5
7691.1
41.9
963.6
212.2
66.6
59.4
49.8
1211.1
8601
932.2
602.5
632
889
434.9
28.9
237.9
1193.8
2839.7
145.5
602
489.3
327.5
1071.7
20.1
3124.9
515.4
85
457.6
976.4
23.7
197.2
11.6
699.2
753.9
1032.7
31.7
66.2
111.6
128.8
420
1357.8
101.2
701
1656.7
508.3
1326.2
2873.9
3161.1
2202.6
1624.4
788.9
1998.8
327.9
183.6
91.3
489.5
309.5
197.7
183.1
106.2
6816.3
1210.8
41.5
1373.6
327.3
589.6
420.8
49.2
61.6
6.8
54.1
332.9
467.9
349.8
3224.4
189.7
89.4
614
1076.1
89.6
65.3
1679.8
510
776
8791.7
464.7
505.2
1426.6
2709.3
63.3
176.3
167.9
338.1
772.5
2165.6
348.9
112.4
440.1
14.9
573.7
730.9
47.1
143.9
421.2
1919.5
320.7
2517.5
119.9
221.4
1080.3
664.7
2612.2
22.3
82.6
139.2
421.3
47.1
16.1
497.1
25.8
84.3
203.8
325.9
220.9
42.4
1315
97.9
189.3
41.3
47.8
12
5695.1
84
697.5
9.5
67.3
175.3
1121.8
414.1
185.6
125.2
272.4
79.2
202.5
369.5
155.6
114
403.5
89.7
10.9
1321.3
862.8
17.1
3599.3
2191.9
192.4
854.1
3011.1
356.7
344.7
2872.8
222.4
267.6
174.1
1243
152
83.5
1
400.2
811.8
694.5
88.2
315.8
173.9
25.2
1111.6
189.6
24.7
197.9
2082.3
50.9
373
199.7
24.1
711.2
498.3
67.1
87.6
264.8
371.7
46.4
11.7
126.5
2549.3
3505.4
23653.2
89.3
184.5
1350.9
55.5
4202.1
124.6
652.9
79.6
266.5
77.1
78.8
326.2
67.8
596
245.6
50.8
2414
54.6
6684.1
200.1
5222.9
851.7
1098.3
94.8
153.1
222.2
13.5
864.9
4006.4
38.2
63.3
9.1
319.5
276.1
224.2
67
25.8
6.7
90.8
763.9
24.3
191.1
91.5
23
18.4
8245.2
216.9
7.6
42.3
66.7
2.5
2605.3
3477.2
2.5
28.1
119
189.2
60.6
41.3
7.4
326.3
365.3
28.2
1170.1
64.5
507.3
1730.2
58.1
150.5
3.2
5891.4
405.9
32.6
10
3
690.3
223.7
14.4
5.7
88.7
52
76.1
122.6
4.2
527.3
8.1
232.2
41.6
153
1110.2
8
39.8
1480.4
52.1
116.3
182.9
44.9
635
263.3
45.5
29.2
511.6
1885.1
656.2
248.4
308.8
48.2
318.1
94.6
960
490.6
66.2
25.5
40.2
22.6
509.4
708.6
1963.9
21.4
531.6
2.2
9097.8
759.5
29.2
59.7
42.5
16.2
206.4
117.3
847.2
2306.8
100.8
214.1
710.2
28.8
4.6
3.2
460.4
58.4
6394.2
11.3
48.8
907.7
135
3455.6
53.8
37.9
48.8
187.9
26.7
115.9
61.6
13.5
186.4
65.8
741.5
217.1
5.8
167.9
137.6
16.9
19.8
4.4
272.5
1028.2
229.8
12364
356.2
3295.2
60.7
124.9
401.4
33.9
7.7
15.2
449.1
185.2
8.7
144.3
34.5
157.4
55
463.6
674.2
280.6
154.3
73.8
142
572.9
1512.1
654.7
9475.9
2515.8
962
177
112.6
555.1
3.3
205.8
4.7
30.4
213
39.9
125
19.5
693.7
269.8
392.7
71.2
23.1
378.3
14.3
578.4
48.3
15.5
593.7
270.7
63.9
751.1
25.1
35.3
12.9
3784.9
1089.3
108.8
144.7
1241.7
321.5
77.8
124.3
346.9
178.6
2184.6
146.9
2219.5
176.7
770.9
10.8
47.3
2.6
80
202.8
271.5
1063.1
945.2
756.6
105.5
63
852.2
219.3
17.6
1308.1
300.6
493.3
54.5
1081.6
197.2
1735.5
53
23.2
624.2
5273.3
202.7
73.4
8.5
215.3
170.5
78.7
520.9
3830
282.4
118.1
2516.2
45.5
70
15.6
564.1
105.3
1022.5
214.9
2044.6
111.5
119.2
349.2
8.2
1418.9
14.9
1441.6
17
48.9
12106.7
142.8
14.1
110.3
30.4
143.4
11.5
119
78.8
223.4
1416
2771.2
214.4
329.1
2418.5
3220.6
598.4
348.7
32.7
45
962.3
542.8
147.3
23.5
3986.3
51.9
1141.6
179.2
921.1
21.2
17
32.2
113.5
5.7
8.6
1849.9
143.6
256.8
88.9
219
117.4
16.7
33
93.4
273.4
11.4
48.5
5
2.6
707.8
23.3
649.7
250.4
131.9
274.6
38.4
1.8
309.8
2.3
101.9
100.3
41.9
21.7
1005.5
351.4
315.4
326.5
7598.1
1013.8
69.1
91.8
22.4
6.2
74.6
8491.3
12.2
79.4
94.7
50.9
294.7
853.2
58.3
89.2
880.3
462.5
121.4
21.6
9.3
182.1
31.6
4.7
37.4
48.2
56.9
304.6
23.4
297.6
130
232.3
64.4
18.2
139.2
72.7
45.6
592.9
9.7
14
737.6
5.9
24
88.9
9035.2
595.4
304.9
796.6
1473.6
16.9
820
220.5
113.6
479.2
9.5
111
461.4
65.9
855.1
39
24.9
155.6
492.8
944.3
1073.6
10.4
9
14638.9
122.9
667.7
216.4
60.4
662.5
7.7
25.6
1225.3
17.6
29.2
256.4
1982.6
28.1
1250.2
47.1
57.5
43.5
186.1
347.1
330.9
8925.1
292.2
31.2
6.7
4.6
76.8
73
249.8
103
246.6
30.1
145.8
1.7
17.9
417.5
191
205.5
174.6
10
1526.3
384
438.5
1527.8
475.5
112
3.2
390.9
2383.5
273.7
9.7
154.8
85.1
293.3
242
204
10778
17.1
652.6
526
2449.9
3.3
1804.7
281.1
42.5
70.1
13.5
1369.9
207.4
59.9
496.5
137.6
40.2
96
971.7
16.7
70
42.9
156
23.6
44.4
590
10.8
101.7
335.2
216.5
25.9
34
883.8
70.2
376.3
553.5
942
777.5
98.3
22
8.5
427.5
4
209.5
154.6
522.6
54.2
70.3
248.8
434.7
162.4
843.2
755.5
6320.5
275.6
413
59.5
6800
6.6
549
20.8
2718.2
194.6
332.7
341.6
2246.8
326.3
64.7
2697.6
50.8
227
96.7
59.6
1439.7
12.6
244.4
44.3
295.9
318.6
400.3
387.5
58.5
98.3
1806.1
45.1
46.7
12.2
2.1
797.5
20.4
359.3
715.5
24.4
87.3
12.6
15.6
72.5
65.9
8.4
225.3
104
49.9
9.5
6.9
577.6
16.8
5514.8
2420.4
1567.5
6378.2
26.9
208
3.6
1460.6
253
20.4
2095.1
234.1
38.4
126
59.7
481.5
56.9
22.6
74.5
1476.8
28.5
7.6
458.7
8.4
505.2
1223.5
49.9
485.8
635.3
5.4
55.7
449.1
6.2
280.6
34.1
324.5
583.1
184.9
921
876.1
5.6
308.2
3.3
467.8
287.5
68.7
22.4
6.7
139.2
235.1
348
560.3
110.7
6.6
41.4
1713.9
9.1
640.7
275
35.4
99
210
68.5
1182.7
26117.3
90.7
1059.9
31.6
509
2720.5
25
322.3
378.8
147.4
250.8
88.3
501.5
93.3
4.6
311.8
2688.2
125.9
94.4
23.5
122.9
303.8
1744.5
818.2
476.5
119
300.2
100.7
282.6
248.3
37.9
1276.2
10.6
337.6
336.1
9.5
306.8
259.8
273.2
300.8
49.5
36.5
42.5
180.1
177.2
10
227.8
732.2
119.9
28
874.9
1.6
66.9
140.1
49.9
7.8
2680.7
290.8
161.1
814.2
2223.7
714
101.3
61.5
1077.6
97.2
71.3
95.8
50.8
5.2
17.9
30.7
36.3
7558.7
29.7
96.1
455.8
587.6
88
76.2
307.8
127.5
1921.3
2152
32.9
41.9
7.8
248.1
2928.8
30.7
1571.4
431.4
243.4
226.9
295.1
691.3
2352.5
423.9
612.9
81.1
119.3
1
3928.7
2010.4
11623
205.6
595.8
929.5
147.1
608.2
267.8
66.3
15.8
778.7
1231.6
11984.5
523.5
353.1
31.5
811.4
284.2
669.8
322.8
10.1
1142.1
6.2
874.8
36.4
60.9
213.8
320.7
163.2
1.3
42.5
105.3
24.8
793.9
262.3
2844.7
75.8
107
11.8
389
3.6
32.5
143.8
301.3
80.8
14.8
22.4
16.3
23.9
7
802.1
27.5
10.8
2907
60.9
50.8
19.5
12.4
135.3
147.3
5
30.5
124.3
9108.6
45.9
1396.4
242.2
297.8
87.1
61.2
39.9
87.8
79.9
127.3
8.4
167
39.2
1217.4
213.8
40.7
2.3
78.1
89.8
3.6
16.2
31.1
836.5
97.3
0.6
12
225.1
64.4
20.7
610.7
699
8
6528.8
75.5
16.2
111.5
3.2
145.4
659.1
2651.2
2.9
168
3385.7
112.2
53.4
17.8
206.8
263.3
608.9
70.2
3.6
654.7
86.1
518.1
45.9
3585.9
42
14.6
5.4
148.4
43.3
63
32.5
163.6
7.4
44.9
74.9
2372.6
33
51
238.7
1004
52.5
28.9
457.7
15.2
147.8
11.5
557.1
605.8
65.7
267.9
23.3
192.4
180.7
45.5
13.4
107
273
743.9
629.5
158.7
29.4
36.7
143
58.5
24.2
7.3
107
4.2
99.9
380.5
38.6
110.4
943.2
316.3
251.7
43.1
7.8
9.2
265.6
21.2
14
40.6
17.4
874.6
104.6
145.8
34.9
517.5
34
140
252.8
1282.1
272.3
34.4
3.5
8.7
6.1
94.8
1044.7
685.7
533.7
152.4
289.4
50.3
33.7
313.1
106.6
609.6
423.4
523.4
360.2
285.8
794.8
362
331.1
33.3
23.5
386.9
46.1
25
271.2
281.4
3168
1705.6
9.9
260.9
539.9
82.1
668.8
274
311.1
317.1
156.9
365.5
167.8
86.9
91.3
1515
104.4
74.3
85.5
29
1814.3
7.6
595
266.9
464.6
6.6
9.3
33
54.6
5150.3
30.9
3087.7
7.1
948.4
77.3
75.5
15.7
22.2
12.2
28.3
9987.7
15.8
143.9
61.8
156.2
51.4
18.5
81.9
226.8
39.6
310.1
146.8
57.5
356.5
1392.1
1906.1
298.6
96.2
83.2
517.1
374.1
107.6
108.8
421.3
189.5
389.7
3262.3
59.8
5839.1
19
55.2
138.7
1674.5
83.5
1223.5
44.3
1.9
43.4
2701
100.9
837.1
325.9
362.4
28.7
52.9
28.6
17.4
37.1
83.5
793.9
60.6
126.8
4.2
405.7
3.8
448.5
29.5
171.9
21.4
611.1
4150.2
108.7
4.2
4.4
898.9
59.4
11.4
4776.7
157.2
37.5
58.4
173.5
73.9
157.2
18
108.6
770.2
35.7
62.8
31.4
1451.6
23.6
193.3
419.4
75.3
483.5
1.9
5355.3
40.5
1371.2
137.4
4993.7
73.3
3201.1
843.8
25.8
113.9
16.5
499.3
172.2
6.1
401.3
139.9
318.9
51.4
246
29.7
460.2
441.3
118.7
81.7
4
148.9
84.3
523.1
48.9
49740.2
1395
1060.6
380.1
216.3
167.1
247.3
513
58.9
1771.8
231.3
2762.4
5293.7
27.5
176.2
9.3
387.8
270.1
215.7
36.5
630.3
947.1
186.7
282.9
35.8
1700.1
723.6
174.2
1345.1
194.2
173.7
202.7
36.8
522.7
2426.6
231
404.5
353.1
252.2
240.8
447.9
1441.6
1652.7
1110.9
16.9
879.7
29.5
196.4
998.7
398.8
1259.2
88.9
375.6
433.4
336
8290.8
9427.9
503.6
595.3
10.2
381.7
8716.3
151.9
1176.3
337.3
162.4
122.4
516.9
881.6
297.9
479.7
149
493.7
220.6
50.6
1480.4
234.5
19.3
13
966.2
1502.4
3853.2
3378.2
1066.6
3895.2
7.9
168.7
243.5
32.2
388.7
68.8
829.6
1024.2
1098.3
1211.6
72.6
182
5465.7
231.2
2355.1
61.9
394.2
229
289.7
242.5
121.7
235.3
534.9
164.4
132.8
963.1
68.8
819.3
762.7
14.6
1786
845.5
978.6
699.4
80
1306.1
35.3
576
934.5
18.3
121.9
114.6
504.1
694.9
80.8
105.4
132.7
28.4
893.8
519.2
605.4
1715.6
2191.9
24.6
41.9
101.1
28.9
757.2
226.7
986.9
542.6
813.4
111.7
22.2
543.8
48.3
27.3
28.4
550.7
179.1
977.5
965.3
256.4
197.1
45.6
387.4
1794
1682.2
2721.8
11.8
231.6
212.8
24
197
847.3
370.7
444.1
2411.7
18
370.6
198.2
44.9
27.3
224.2
52.5
212.5
97.2
30.2
196.7
1369.2
697.1
488.2
131.8
75.2
178.7
653.3
20.6
78.8
4270.9
38.5
1185.7
66.8
811.7
14.8
178.5
550.1
451.4
235.3
87.3
171.3
2249.3
218
613.4
324.8
247.1
3058.6
51.8
513.8
202.7
121.6
21802.2
533.2
41.5
1527.2
2394.4
42.6
22.2
131.4
3.9
376.1
200.5
247.2
418.5
296.3
630.2
1062.6
3332.7
295.1
269.7
543
111.2
231.9
384.8
680.3
33
3029.3
1214.1
30.4
225.6
807.4
21.7
139.1
321.9
287.4
17572.4
486.9
473.4
1715
1988.8
64.8
99.1
38.8
103.7
54.7
300.3
868.2
220.4
323.8
206.5
667.3
304.5
299.5
67.3
52.1
74.9
3369.3
39
431.8
506.8
33.5
155.2
101.5
1390
1011.8
331.7
234.5
435.6
442.3
4439.3
1460.3
27.9
703.5
4.1
1646.7
539.4
1010.8
4.3
444.8
59.5
579.5
38.5
194.3
91.7
1165.5
352.6
138
1000.9
40.7
4760.5
150.2
166.7
341.7
119.8
2196.8
646.4
144.3
109.1
910.2
305.8
984.1
224.4
431.1
617.8
166.4
83.1
1452.9
102.4
666.5
34.8
752.5
280.2
12.6
623.4
2787.7
111.8
159.7
51.1
213.6
116.3
167.2
400.3
224
105.9
17
448.5
473.6
44.4
283.2
641.6
1149.9
1745.9
72.7
24.6
63.5
1291.5
938.8
450.8
954.2
400.9
79.9
30.2
832.4
1181.1
1535.4
311.6
659.5
545
219.3
109.2
414.4
542.4
1292.4
958.5
694.1
4203.1
7226.1
13336.6
734.8
15153.7
11446.3
11460.8
1142.1
1111.9
14632.3
682.6
576.6
7177
1177.9
443.3
130.8
189.1
1397.9
349
291.6
2070.4
3120.8
1704.6
259.4
1526.1
169.8
1784.5
1756.5
278.5
55.7
1637.7
671.5
11490.8
22704.8
1977.4
43026
2819.6
768.6
1269.1
44550.9
1313.7
31.2
2269
1720.8
2436.8
17888.5
1270.2
36.2
4008.4
2081.5
234.8
488.5
1248.5
494.1
6856.8
24232.4
65.4
42.4
810
4241.4
29.1
9.8
430.4
2273
1264.5
2029.9
26.6
2978.5
35525.4
7011.8
18.2
1724.4
9052.6
16447.1
2314.6
19661
1132.8
43488.4
1356
21927.6
14505.8
6117.8
1546.9
4156.6
781
178.4
3716
9992.4
6380.2
502.6
169.4
6672.9
1699.3
2805.6
2874.8
23.1
7871.7
3803.8
1445.4
1677.3
37.6
549.3
262.8
605.4
288.9
37.5
107.6
1444
87.7
43.7
303.9
408.6
243
666
433.7
398
441
232.6
178.4
10.8
36.2
59.2
136.2
131.7
59.4
111.9
1066.3
46.4
275.8
68.2
104.2
457.8
662.4
356.9
529.8
134.3
246.2
211.7
212.3
21.1
210.1
213.6
249.9
174.1
591.1
117.4
912.1
394.3
474.6
818.5
525.8
337.9
45.2
111.8
188.2
2.2
2467.9
122.6
670.4
227.3
209.4
133.7
130.8
1140.6
127.6
32.2
12.8
82.2
215.7
221.1
331
22.2
435.7
139.7
190.6
222.3
88.7
311.6
19.2
181.9
35.8
128.9
261.7
90.7
477
2487.8
4121.1
56.8
908
1075.6
673.2
85.2
106.3
322
383.1
812.9
604.8
20706.3
4188
13368.4
2857.8
4322.2
260
19367.8
433.7
115
1076.5
975.3
22
185.5
1918.5
4292.7
230.6
2230.5
21.6
1654.6
382.9
2929.2
832
4974.2
40420.3
65111.9
5432.3
191.6
762.6
229.7
1208
699.3
5849.3
13858
13768.3
5257.2
562.1
35.8
2377.4
71.5
7
1491.9
4457.4
1354.7
9794
5873.7
1032.5
15.5
2765.5
83
4899.3
9351.1
1475.8
1947.8
671.3
447.8
1834.7
428.6
2438.8
26.6
2791.3
196.2
997.6
107.1
44.4
308.7
19220.8
64.5
906.1
4837.3
423.9
2855.4
3053.2
1579.9
39.4
5911.9
17043.2
395.4
1149.2
806.7
67.7
55.7
88.3
3883.6
64.3
34
4694.9
396.9
357.3
144.8
700.2
677.4
1345.3
110.9
2455.2
1200.4
714.8
885.9
424.6
2265.1
12184.2
967.6
2241.8
50.2
905.3
3755.6
1415.6
65.3
9.6
68.7
121.6
945
448.1
56.9
34.1
20.2
173.5
11.2
67.2
67
24.1
209.1
10.6
88.4
87.7
700.1
246.2
266.6
14.6
311.2
298.3
316.8
542.6
873.2
43.6
160.9
106.4
519.3
99.6
149
363
29.6
7913.5
41.1
385.2
40.3
101.3
598.2
440.7
677.9
234.7
274.5
50.3
23.2
18.4
15.7
152.2
1061.2
880.4
25.8
32.1
49.8
12.2
47.6
22.6
555.5
58.6
34.5
153.6
510.5
288.1
1941.1
35.8
4372.8
77.7
80.7
153.7
346.1
1761.3
126.6
20
544.1
5038.3
704.5
50.5
2309.9
48.2
160.7
161.6
178.9
132.1
345.1
179.2
74.4
109.7
83.7
12.6
73.3
344.3
16529.5
109.5
289.3
49.4
130.9
114.9
82.6
35.7
1368.8
736.4
86.8
451.3
296.2
76.4
166
820.3
102.5
353.6
172.7
2934.4
6328.6
515.2
5682.5
283.6
1937.5
69307
526.7
285.3
904.1
237.1
1391.9
100.6
551.7
28.9
959.3
16.1
12571.7
788.8
447.9
2851.9
23821.3
12773.9
210.7
370.9
3604.1
839.7
26586.8
826.1
8266.1
4315.2
3849.7
731.8
614.2
4703.7
108902
5731.9
2036.3
1634.9
1023.6
827.9
6619.2
550.3
2490.1
3972.8
13837
3181
155.2
2758.1
7687.6
8848.4
3218.5
2218.3
7653
40.9
628.8
271.8
12.3
7723.6
26939.2
17366.4
2094.3
11947
11313.9
5335.9
92744.6
1109
932
25375.2
450.7
124.1
1887.8
5940.8
1625.2
3034.2
24.8
105.6
64.5
271.7
13176.1
7904.9
3442.6
9.5
2713.5
457.3
788.8
2830.9
588.8
173.9
4346.1
15466.9
1294.1
46716.3
16894.6
203.8
55.4
40.2
3523.3
89.5
125.5
70
571.4
32.7
37
161.4
216.8
110.2
1002.3
1247.5
911.6
35.9
94.9
91.3
981.1
2711.1
128.2
156.4
130.5
1482.8
532.2
927.8
3263
437.6
59.3
10.4
98.1
91.6
54.6
12.2
142.2
2412.9
657
104.3
607.3
803.5
299.6
426
61
82.2
1557.1
390.3
574
3892.6
2189.2
807.2
895.9
666.1
108.9
2130.5
64.5
493.1
412.4
341.9
249.6
40.7
36.3
345.4
110.1
9.8
41.2
103.9
1073.8
92.5
841.1
725
27.4
1615
48.7
298.5
722.3
48.8
182.4
29.4
1536.2
57.9
128.1
72.1
746.2
1220.3
271.9
407.4
349.9
271.9
5002.9
1394.4
106.4
22.4
69.2
437.8
125.9
1244.7
258.1
405.3
49.7
3059.2
247.1
6277.3
4604.2
981.1
2082.6
1229
15
1696.5
3529.6
25.5
899.9
3054.4
5747.9
7808.4
2211.6
87455.7
1531.7
2890.5
4341.5
841.8
2862.4
17853.8
6028.3
83.6
1342.3
46.3
152.8
2424.7
1625.3
653.7
15311.9
2970
17696.3
4871.9
7891.8
154.2
1142
224.3
314.9
333.6
234.3
1522.2
618.4
1563.4
5017.3
618.8
1823
20245.4
1389.5
5927.6
53.3
4789.2
5437.3
4936.3
36.4
1494.8
1144.5
2933.2
706.2
58
8592.9
3645.3
1968.9
4718.5
1799.7
539.4
6670.4
4264.9
3125.9
10.8
5090.9
2090.6
38.6
1160.1
2544.8
5911.9
278
22047.8
3974.6
1126.2
3060.8
625.7
471.5
482.7
7994.4
1712.4
34.6
672.4
4032.1
224.4
703.2
7598
11926.2
7357.7
1832.1
276.9
52.1
57
307.4
731.6
880
106.5
136.6
123.5
229.6
232.4
150.5
158.8
268.6
373.9
70.7
105.9
378.8
161.5
514.4
375.1
88.8
945.7
839.3
12.5
177.4
475.4
222.7
45.5
452.8
237.9
48.6
59.6
132.6
384.5
69.1
511.4
36
643.5
1050.7
763.5
137.6
290.1
177.8
35.1
1118.4
169.8
976.2
276.3
68.2
621.9
1739.6
547.8
1652.2
675.6
149.2
39.8
3677.3
14532.3
395.9
161.6
120.3
12.3
146.3
1350.1
578.5
562.3
129.1
50.2
80.4
94.6
235.5
23
41786.8
152.3
335
4096.7
994.6
421.1
19.8
57.9
6768.5
179.1
69.6
14.4
621.5
1267.2
431.6
938.7
684.1
54.9
206.3
320.5
1459
2083.5
1120.7
456
772
239.3
246.5
3096.7
3834.2
374.7
323.6
1006.6
3090.1
1302.5
21.6
7126.1
4281.2
1232.7
2413.9
1670.3
5738.4
7930.2
7777.5
2867.8
14314.2
20597.8
1726.2
430.4
94.2
139.1
912.7
10330.5
1394
7899
60.7
107175
173.1
202.2
2836.8
2331.7
4513.7
314.6
5426.5
175.5
27.4
23.6
652.4
157.1
2354.6
7891.5
1642.8
1099.3
12998.5
275.1
2290.3
54660.1
2386.7
1396.7
852.2
8946
2422.4
696.1
23368.3
5548.3
7532.4
2712.7
2888.7
11957.4
55.2
898.3
423.3
1657
4321.9
325.9
22616.6
308.8
1481.7
868.9
20.1
1494.3
1545.4
773.4
175.5
16555.6
31020.6
13893.6
1350.9
419.1
205.9
2381.1
5113.5
31865.7
6152.2
7089.1
1814.7
38.1
5670.1
523.7
1323.6
4323.1
628.5
692.2
345.4
5117.4
1197.1
6280.2
27722.8
20.7
1157.2
3282.2
1075.3
243.1
2145
2211.2
337.4
20.5
739.6
362.7
422.2
420.5
683.4
138.1
863.9
1299.8
718.8
699.7
63.4
1527
951.9
628.2
626.7
555.2
408.1
86.3
1287.6
3020
25.6
3.1
66
182.3
603.3
91.4
1111.5
445.8
893.1
551.4
33
578
5.3
101.5
8
28.3
105.2
147.8
331
525.2
67
1794.8
685.9
47.2
31.8
163.4
1490.9
809.2
241.2
4
13.3
75.8
444.6
901.8
420.9
215.8
105.7
1597.9
1294.6
71.9
48.1
725
227
173.1
3314.8
437.4
39.1
551.7
34.2
118.2
132.7
1641.3
693.9
591.3
3183.4
110
81.7
61
15.2
641.8
360.8
517
21.5
1611.2
826
785.2
63.7
2070.1
2461.3
404.8
1575.7
640.1
613.8
104.3
101.2
543
338.4
190.5
374.2
155
2566.8
679.2
912.5
458.3
24.6
299.1
321.2
258
373.7
1415.7
564.2
521.2
66.1
176.2
194
10733.6
893.9
25584.9
4346.4
1700.8
93.1
4211.4
6807.2
3112.2
1201.2
356.4
74530.9
735.4
783.4
5423.6
1207.5
2052.8
13559.4
420.2
51840.4
3710.7
2648.4
939.2
49557.5
35.2
11525.1
544.1
8763.8
76.6
3153.3
9286.4
20.7
79.1
7408.7
8177.9
1266.4
27.7
92.6
3789.3
3193.1
742.4
5037.6
209.1
512
1254
78.8
16560
24
3537.1
626.1
1192
327.6
5520.8
29668.8
378.6
3141.4
618.4
1941.1
1643
1065.1
91.3
6653.5
13751
550.8
105.2
43.2
157.3
3464.9
74
2829.6
4517.5
29.9
234.4
3478.6
22999.3
1497.1
20189.5
687.5
6782.7
8412.6
47284.1
1054.3
10106.5
440.5
253.1
7758.2
1616.7
4921
493.5
4830.8
9349.1
182.5
437.6
5291.6
558.8
3289.2
3403.5
107.5
1328.6
2978
3781
81598.1
929.5
33.4
131.1
58
144.6
541.8
5321.8
1565.1
163.6
402.9
406.5
81.2
3637.8
58.1
227.2
194.9
2961.9
12208.4
330.9
318.6
472.6
148.3
156.3
140.1
2705.5
1505.3
2683.7
386
413.2
18
183.1
445
139.4
259.3
3095
559.4
1035.3
86.2
465.5
16.5
15.5
625.9
164.4
34.7
490.5
166.5
34
1507.7
443.2
641.8
378.4
650.1
1477.4
11.7
116.7
12081
1260.5
3363.1
287.8
1555.4
331.7
545.1
420.1
93.4
60
1427.7
1167.1
12.7
316.7
1955.2
1910.5
1619
2414
320.6
160
12.6
283.4
90.7
449.9
30.2
1256.5
26.3
409.9
502.8
542.3
207.7
770.6
642.5
24.6
662.6
31.8
774.1
102
63.3
28.6
438.9
812.6
122.7
1624
118.8
179.8
432.5
106.4
466.5
99.8
755.5
172.2
120.9
879.6
398.4
3223
1330.1
1180.7
6863.5
8079.6
285.3
1156.5
4468.1
31062.6
4031.1
1276.8
2786.9
2943.5
377.2
381.2
2186.3
1664.9
2399.6
9475.7
809.2
3037.7
15626.8
6840.7
5851.9
69143.9
2236.8
1984.8
9990.7
5741.8
2245.2
2926.7
548.2
3779.7
4284.9
10571.7
1815.3
5010.4
416.3
16408.3
3587.2
805.2
634.9
3253.7
531.3
7223.7
1170.7
256.3
13974.3
7447.4
1516.9
10947.9
3770.1
3165.4
708.7
5564.6
137.3
1506.2
4663
6761.7
1305.3
134.7
457.4
309.1
3966.4
85.7
7301
1393.7
42343.9
4187.5
732.9
24.1
1173.6
4321.8
4278.9
37.5
5.7
2135.4
375.3
2105.3
402.4
33520.6
21667.3
258.8
2199.1
2294.4
7300.1
38354.5
959.7
1300.7
72.7
6858.2
1090.4
6816.6
146.9
4.8
2181.5
1255.2
4516
241.4
10.6
2286.9
5439.9
32808.3
1044.5
8249.2
3016.7
2006.1
706.8
199.8
246.4
552.3
394.2
174.2
109.5
504.1
26.1
119
132
131.4
5539.1
63.4
54.1
795.3
865.9
783.2
11.6
120.3
18
66.3
599.2
634.1
112.3
7.7
254.6
206.7
17.7
685.1
185.4
230.9
35.1
12.3
37.5
56.4
1498.2
136.2
622
956.7
79.5
228.7
46.3
163.3
310.3
210.9
36.5
384.1
106.7
41
725.2
246.1
354.5
40.7
32.3
64.1
61
20
41.9
28.2
2.7
244.1
177.3
1944.5
231.1
22.2
558.4
139.5
55.1
180.4
1029.4
95.8
64.2
313
41.5
28.9
332.9
294.3
278.4
470.3
41.1
24.3
41.9
30.8
46.3
480.4
818.2
226.5
435.4
100.6
23.2
1662.9
494.1
373.1
83.9
218.1
866.5
7011
861.4
190.7
300.4
199.2
42.3
4.8
175.3
13
20612.3
811.8
1379.9
1502.6
13474.6
344.1
325.7
63960.1
78
42616.9
198.2
1322.8
5665.7
54.3
977.7
320.4
4187.5
943.6
1036
126.9
1800.3
7693.3
501.4
1756.7
947.3
421.4
7106.5
3153.8
660.6
749.2
1284.1
474.5
2611.3
1352.6
1634.8
1583.6
1915.2
29579.9
4036.1
1939.8
2261.4
14131.5
1856.7
5712.8
8127
29107.7
4234.2
5456.6
3236.8
3686.4
6471.8
818.1
8870
3647.8
15187.5
10412.1
19817.4
31145.7
760.3
8.7
421.3
1835.1
1384.6
2635.3
1749.1
1474
1920.7
327.2
2413.9
1269.8
64.8
2708.2
4071.2
1537.8
3459.2
1134.4
1913.4
52300
1254
1605
5374.7
3138.5
1713.9
1020.3
1821.7
2015.6
3120.3
6197.5
2071.1
7284.8
8071.8
4574.9
3185.1
12563
2279
1831.1
822.8
58.3
21.3
11033.1
319.5
307.2
6042
5443
1675.1
1431
5213.2
157.6
2161.9
1089.8
52.9
79.9
1591.7
16.8
270.2
206.5
705.3
1409
1276.5
271.2
6238.7
1116.9
612.7
3768.5
372.6
891.1
1693.5
765.5
280.5
2668.3
70.7
456.7
107.3
727.2
3879.1
1513.5
1038.3
4404.6
608.3
2997.8
9035.1
1921.1
1699.6
976.2
673.5
141.3
764.4
666.6
1791.4
1812.3
14354
179.2
1784.1
823.1
855.2
941.3
1366.5
209.3
6665.2
120.7
3064.7
290.8
448.3
1245.3
54.6
265.5
8.5
1119.5
631.5
1185.6
595.3
1065.4
918.4
1201.4
50.7
43.4
594.4
272.7
344.9
975.6
601.7
2413
893.3
5021.2
112.1
1035.3
2968.8
145.9
2383.1
1507.6
586.4
217.2
143.6
1402.1
7.6
690
549.2
863.7
429.8
1434.9
1002.2
1445.7
67298
586.6
279.9
774.6
6422.2
741.7
1766.6
23127.2
1114.1
859.2
651.2
807.4
2557.3
106.5
2013
3116.8
1200.6
1003.8
983.4
2704.8
9162.9
3511.4
4797.8
2993.9
272.1
1482.7
1517.9
6591.3
1146.8
695.7
1309.5
605.7
1963.7
137.8
251
10660
472.6
287.9
691.9
10326.5
4.6
3555
20.6
388.8
3991.9
1230.8
1277.3
3792.3
8184.5
3010.7
1079.9
24685.5
1076
508.7
13674.3
440.8
1359.3
93.5
6315.8
1305.7
829.6
3451.9
984.9
1577
575.4
10417.4
6601.2
673
1779
289.8
152.2
75.1
900.8
1634.4
1847.8
476.6
3357.1
118.1
1727.4
4244.2
1919.2
25980.3
102.9
746.1
1318.3
17974.8
4726.3
10541.5
4752.3
25998.6
15790.5
61.2
28.7
366.1
437.2
383.9
856.1
2780.7
557.2
1372.9
851.3
9739.8
375.9
5456.2
735.7
376.8
1661.6
271.8
1788.1
4687.9
23.4
432.4
86.4
78.8
331.7
14.6
127
299.7
598.1
145.6
168.5
152.2
357.9
222
122.6
127.9
74.1
545
20.2
74.5
119.2
86.5
69.3
194.7
13.3
39.7
131.3
18.8
220.1
347.2
89.3
16
1261
54.3
776.3
114.9
41
1997.3
47.6
181.8
34.7
462.1
715.7
428.7
65
13.6
87
38.9
230.1
58.6
1262.1
136.4
60.2
318.6
12.5
43.5
608.4
793.8
159.4
71
117.6
78.1
10.8
24.8
662.4
46.9
25.4
32.6
7.2
124.3
75.3
81.1
80.4
89.2
158.4
956.3
93.9
178.3
459.2
65.3
8.3
194.4
139.7
70.4
1646.9
334.8
278.2
80.6
784
18.9
34.4
258.1
67.6
197.6
8.5
329
2
274.8
170.7
223.9
8.5
142.1
470.5
57745.2
42147.5
8300.9
63.5
717
341.4
129.7
9.7
311.4
16.1
201.2
257.5
38.9
3523
138931
116.8
441.4
7277.1
7136.4
2246.6
864.1
200.9
36.9
63999.3
99.9
10131
27.6
33.1
703.9
510.5
1676.2
22013.4
25068.5
2648.2
177.6
5151.9
1103.5
831.6
3842.1
1556
10571
9419.9
2004.2
3211.6
30
42935.7
45.1
1542.5
709.1
1602.8
2693.8
2508.7
18189.3
1022.2
1391.9
1092.7
3468.8
11005.9
36
3921.7
2247.5
2989.1
2848.8
724.3
20
2941.9
13.3
1114.7
2768.9
1737.9
2927.3
2683.1
76.6
405.4
11791.9
719.5
5900.8
1219
1251.9
374.5
2573.1
378.9
3902.9
4876.9
5946.1
33.3
2163.8
8693.8
188.4
5596.1
535.4
2200.1
1494.6
1314.9
8960.2
144.3
821.6
2854.7
768.3
1212.6
1343.9
7613.3
1988.2
9667.9
2061
2595.4
7596.2
1063.5
30631.2
11591.2
6725.9
1674.8
8456.2
1239.9
144.6
3761
261.2
396.9
1590.3
1004
3.6
338.9
8383.1
1189.8
2478.5
16.7
557.5
2566.9
576.8
1214.9
2800.1
1482.2
11
296.9
10.5
481.6
1365.2
758.6
124.3
1586.5
650
861.8
770.6
687.4
2018.6
1215.5
1388.5
328.5
1888.5
5061.4
1393.8
4841.3
374.5
27
58.1
9203.2
361.4
497.8
1220.8
4248
685.5
539.5
20
2573.3
2681.5
593.9
3460.6
965.2
4009
1893.4
915.6
1512.3
3739
403.3
1434.7
1239.9
204.7
203.5
4276.5
1255.6
403.1
1480.3
2242.2
3739
871.4
149.3
167.4
626.2
3482.9
2207.8
1023.1
663.7
430.4
1599.1
1224.1
612.7
3881
9067.8
725.4
1692.1
2205.2
6411
856
6952.1
244.6
10370.9
1630.8
824.5
4075.5
1188.3
583.8
580.8
252.1
1241.7
734.3
1351.3
269.9
2176.4
698.5
4175.3
2342.7
92.4
2634.3
2625.5
2950.9
75
10995.7
1183.3
43518.5
2138.7
148.8
12952.7
19926.4
6366.4
129.6
430.9
1876.6
477
92342.1
3560.6
3404.3
2507.7
1927.3
2389.5
1502.8
77954.5
5.9
2950.7
501.2
17494.6
3193.9
1115.2
5013.2
1066.1
1057.1
654.4
2688.6
49.2
4232.8
6344.5
4659
3541.8
668.1
600.1
6761.8
6066.2
4586.2
1804.6
14938.1
1528.6
3673.2
1764.8
2432.9
14737.8
76.1
1087.5
779.2
141.6
986.2
121.2
6025
3969.5
1393.1
2579.6
1360.4
1014.7
386.6
250.2
6205.7
1549.7
2301.7
3191.5
62386.9
60392.6
1499.6
9911.3
1857.6
784.3
990.4
993.9
7231.9
19.2
4293.6
2287.4
11492.8
3994.5
912.3
2148.9
692.4
744.6
1018
1434.3
56.3
1794.4
469.1
2076.2
3924.3
1720.1
5506.7
30.8
158.3
237.6
37765.9
26.4
3092.5
25.1
41.2
15810.6
138.7
132.6
498
11883.3
1061.6
142.4
122.2
145.5
89.6
542
1030.9
872.1
7.5
142.5
30
258.9
755.1
293.2
104.2
426.8
184.5
1597.5
4.8
81.3
95.6
313.4
87.4
134.8
41.8
82
500
82.6
15.6
17.3
753.5
76.8
92.7
580.1
934.2
66.1
3.3
17.8
7.7
116.6
108.9
191
126.5
782.6
335.9
21.3
36.3
238.4
1806.2
1259
9.8
181.7
53
571.1
72.2
55.3
566.2
268.3
223.4
133.4
14.3
878.1
22835.2
76.5
987.3
51089.7
198.3
734.5
11.9
751.9
188.2
5.9
14.3
404.1
5016
316.1
297.3
795.8
1111.5
157.8
69.7
816.5
845
3505.4
1675.2
36
20.1
20.8
543.1
39
378.3
1809
257.6
2351.8
1895
1022.2
2634.6
12666
352.2
10171.3
6607.6
112.9
5189.2
2670.8
6081.1
1486.4
1031.4
1615.5
423
1567.3
6830.4
3711.2
1342.2
10329
15789.7
15288.8
1707.4
1480.8
394.4
736.5
4820.8
1000.2
5406.1
1065.6
84.9
2169.2
1464.2
12.4
2419.2
20790.5
8019
4579.5
3383.6
4420.4
2524.8
6540.3
3337.9
72.5
3358.2
10.6
25741.8
56.9
92.9
14547.9
2644.8
3153.6
2498.2
13006.9
15.4
1921.6
37.7
1589.8
23648.3
705.1
1762.7
3718.8
32297.9
5191.6
3720.5
5441.7
4584.1
837.4
2534.2
245.3
2491.9
5941.4
9807.5
1929.4
5110.2
2919.7
6394.8
10921.5
6638.9
1279.2
222.3
1509
797.3
1619
123.9
623.9
1166.1
2254.4
6751.8
234
841.5
2254.2
516.3
766.7
3063.3
16086.8
25047.7
1428.1
478.6
1728.2
3068.7
620.4
2496
176.3
652.9
1534.4
2356.9
269.1
6225.1
897.9
1293.7
1271.1
2044.5
255
1052.3
8601.8
578.4
500.8
1773.7
792.5
837.6
25.5
7.9
1352.9
5.1
611.1
3873
680.6
141.5
9.7
11.9
1124.1
434.4
1818
129
539.2
571
74.7
888.7
1731.8
129.7
145.4
4127.3
889.3
29.8
168.4
780.7
15392.1
1133.8
697.6
2845.1
3973.2
1548
12494.9
82.7
760.6
314.3
1980.5
701.9
2321.8
7802.7
55.2
3604.8
247.7
3893.6
1713.6
1596.4
358.9
65124.2
659.7
4503.6
777
455.8
410.1
1956.2
738.8
4839.8
166.8
2233.3
5345.4
453.5
1648.4
179.9
3324.4
1058.9
3039
44
735.3
533.3
1661
2085.5
789.3
442.8
1580.2
1072.4
953.9
832.4
25175
1891
2965.5
1628.2
7562.1
207.7
36745.4
3283.9
3539.1
574.8
404.9
1932
1140.9
991.6
3743.4
2134.4
6325.5
111.5
462.1
1888
3607.5
428.8
1900.7
610.4
1425
190.5
1153.3
6407.2
1686.1
39.5
689.2
2363.4
7244.7
6188.7
101.1
700
230.8
5276.6
3836.5
11815.9
3910.9
30046.3
5439.8
9664.9
14520.3
76.3
36453.2
11735
5530.2
1483.1
2145.3
1127.2
3804.4
5117.9
327.9
6832.3
4329.2
2645.4
575.2
7386.1
3116.3
6155.6
28997
1606.3
60334.4
64.6
16490.7
2819.9
1459.8
6252.8
32.9
385.9
9.1
6472.9
9431.8
1849.3
3216.2
2057.5
261
10199.1
5356.1
118.4
8.5
812
2630.1
8046.5
1528.4
1506.3
2689.5
4.6
3112.8
848.8
2643.4
9
2021.5
5314.6
567.6
2924.8
1435.7
2602.1
5769.2
7.2
192.2
283.3
124.4
311.1
214.6
292.6
44.6
151.5
2853
123.5
7369.9
3262.2
26.4
274.3
2554.1
3094.7
119.2
21.1
41.5
146.8
308.9
383.7
526
2255.3
509.1
28.1
107.4
295.8
11.8
150
552.7
577.8
37.8
286.9
3440
88.3
141.3
785.2
522.6
381
51.4
191
2114
74.6
640.3
42.3
462
148.9
36.7
1630.3
94.4
75
175
695.1
455.8
229.9
34.2
103.9
401.9
142.6
47.2
1012
36.9
405.5
1005.9
420.5
1569.5
17
1959.7
60.2
244.3
32.7
176.4
343.4
56.8
167.7
123.5
388.8
48.4
704.4
92.3
4664.4
1055.4
1280
2468.2
15745
10141.2
302.7
6213.6
1414
12637.8
90.2
1771.8
5703.5
1534
9336.2
3133.1
5966
715
917.3
1520.4
401
1404.1
1238.8
14
145.5
264.8
43.5
5601.9
16.6
19606
1277.9
5273.6
7564.5
145
133.5
912.6
1182.6
354.2
9210.3
2005.4
82.2
2037.9
808.5
685.4
31.8
2464.4
3394.2
5856
2053.6
4131.2
2232.4
448.8
1438
353
31305.2
5067.3
4452
765.3
535.6
32196
2868.9
21.2
4711.1
1808
10.3
62.2
3625.4
770.5
8356.8
11866.6
1420.8
1676.9
2141.5
3152.2
24533
493.3
1055.3
147.1
4075.1
1343
94.4
3377.8
6217.7
1618.6
1834.9
1039.2
132.1
2006.9
2120.3
1211.7
492.2
853.1
1035.8
20662.1
3255.5
55.5
26375.9
15.8
1450
144.9
749.3
4822.3
1629.7
4188.1
878.3
3699.1
987.3
571.6
770.6
5173.9
282.6
371.3
468.5
3650.3
499.7
1828.1
1348.4
1144
196.5
249.2
2148.2
1802
522.8
366.6
301.6
2085.8
63.6
1187.5
1060.1
249.1
7159.6
2579.9
2360.6
154.3
3661.9
5195.3
9893.6
481.5
39
322.2
3987.4
875
2104.4
980.9
1565.7
1029.2
1028.2
3573.9
4081.6
3831
6970.4
342.2
213.8
6750.9
3707.9
689.4
1013.7
1009
432.5
1140.1
998
281.8
211.2
1690.1
3190.9
1372.8
1176.5
6915.7
401.6
626
223.4
1327.4
391.8
438.8
653.8
594.9
669.2
458.6
108.5
65.2
89.9
32
1261.1
2022.4
2077.4
1700.9
1567
1496.5
1549
1239.9
113.8
365.5
1181.3
500.3
1187.8
4525.4
3826.6
1431.1
5575
13073.6
2352.5
36416.8
5570.3
3130.6
13921.1
2845.3
2714.9
1361.1
4089.9
62857.5
20821
560.2
12276.6
5310.1
624.5
167.3
283
519.9
1037.9
1370.6
9447.9
14142.1
3953
6166.8
19138.2
1786.7
225.5
763.5
4331.6
44306
47083.1
26266.1
1839.4
741.6
586.4
4645.3
496.3
16370.9
2292.1
1642.1
674.9
61206.1
874.3
136.6
723.9
570.1
38.3
97.1
1746.5
764.4
4665.3
35298.8
5075.4
38
1286
51.6
1942.6
2992.7
827.9
83.2
2345.5
142.2
2714.7
679.6
81.6
3296.5
52.4
3563.8
2316.7
1715.5
2348.3
53120.8
2560.9
4212.4
17.3
23096.5
1130
2918
5086.4
9208.1
529.8
1390.3
44068.2
13960.1
9851.9
45.1
101.1
71.7
1106.4
17.3
1407.5
31.7
22.6
9.3
95.3
268.7
18123.3
1266.5
1114
165.8
23
43.6
17.5
673.1
585.3
1135.5
531.1
12.4
39.4
57.3
47.4
29.4
105.9
74.6
144.2
53
874.7
58.7
48.4
85.6
355.6
486.3
540.4
862
36.9
81.6
293.4
127.8
26.7
143.3
107.3
11879
42.3
713.1
169.3
38.6
696.4
520.2
427.8
541.7
1735.9
930.1
41.9
137.9
766.5
74.4
549.5
11755.8
634.3
8359.3
90.4
62
174.3
155.5
679.3
19.9
120.4
171.9
64.3
50.7
565.6
185
501.5
1369.7
20933.2
125.3
34.3
32.9
1288.3
200.5
21
749.3
30963.7
169.5
33499.4
1694
1685.6
92.2
417.4
18.1
182.4
249.3
137
236.7
32.1
281.7
123
142.8
1055.9
373.6
1395.7
479.6
8253.6
212.4
2300
39.3
636
11.4
107.4
36
297
821.8
824.9
1963
1305.7
1569
22140.3
5091.6
1735.9
25668.6
2647.3
5643.1
8437.4
2900.6
2278.2
1976
570.4
505
1878.5
1304.6
878.1
226.6
5981.7
559.8
1849.4
2313.4
16.8
8146.2
2753.7
1026.3
950.4
2665.1
1106.3
38.9
8.6
1401.8
3583.2
4116.1
157.2
387.4
3194.8
1897.6
3595.9
4013.5
674.2
7687.9
16451.4
396.3
1188.5
1357.2
2045
3782.4
5933.5
4148.7
165
3217.8
2490.6
853
1684.1
2701.5
2060.5
6320.2
25431.1
2298.3
4503.9
6470.9
4926.8
2873.1
537.9
5494
641.8
3913
352.2
14452.1
5830.9
755.5
1082.3
1095.3
2706.1
1745.6
3465.4
1757.5
14842.2
301.1
2341.4
5827.2
435.4
1700.6
2865.5
3295.4
5157.3
1541.4
631.3
3865.6
1157.1
3013.2
2748
116.6
68.8
2041.4
389.7
1589.3
1878.3
1544.1
138.9
464.6
2515.7
4948.5
1956.8
3564.3
4564.2
6662.6
1073.4
1142.7
311.4
653.3
3596.8
6333.2
1429
65.4
2981.7
416.5
174.6
70.5
3022.3
6099.8
453.6
851
6482
4114.6
1494
14842.9
485.4
218.3
377.5
741.6
3882
453.9
6130.3
1831.1
253.1
3587.2
92.2
1243.9
84
1491.1
5152.2
438
1231
857
1012.5
293.7
1340.5
1176.7
36.5
165.7
3099.5
384.1
182.5
490.6
877
4829.2
108.3
680.6
898
157.7
27.9
2947.3
11.9
1147
17442.7
1209.3
1008.9
1066.7
379.6
161.9
2238.9
1002.1
379.5
2046.3
459.8
492.2
858.9
1443.4
2799.5
427.7
2442.4
186.3
953.6
112.4
5203.3
305.6
4023.3
582.9
2304.4
61.6
132
4901.9
1334.1
732.5
7727
3190.4
587.8
1482.4
64
6924.8
436.8
1808.1
1471.8
32418.4
5101.5
1660.5
141
76.4
8010.3
20800.8
1610.4
4289.2
1149.2
2567.7
165.1
321.2
13
13805.7
81606.1
2293.8
6499.7
38224.8
891.9
30886.2
2012.3
6797
6571.3
1407.1
1932.8
1748.9
33559.9
12838.1
5285.5
4487.5
2163.5
6314.8
576.6
4138.6
568.9
39774.1
76866
1576
2498.2
115.8
14.5
432.3
23.9
40597
325.7
8901.2
2326.1
45317.5
49562.4
2045.5
3111.7
35.5
20601.2
7195.6
1301.3
3383.5
736.8
1794.8
102.3
985
259.9
732.3
5149
585.8
1833.7
15.8
38
1218.5
381.3
1093.6
10901.8
6184.6
880.3
581.6
39955.1
4325.4
3875.9
1460.4
6164.4
14412.2
403.9
1266.1
5118.7
14045
784.4
12.5
3571.8
26812.4
53.7
82.9
512.2
938.3
187
214.3
8.9
21.9
119.9
28.3
90.4
265.3
201.2
625.2
2264.2
400.8
79.8
21.5
243.2
152.6
54.5
97.1
132.2
86.7
101.3
2233.5
479.4
228.2
216.9
45.1
24.9
157.7
528.3
1005.8
49.3
75.5
572.2
723
36352.3
1695.8
673.7
7255.5
8808.3
364.6
579.5
12.3
211.6
158.6
339.7
789.6
10.3
425.9
412.1
560.6
115.1
689.6
212.8
252.3
1240.5
2629.2
874.6
198.9
433.1
130.4
233.8
1761.5
719.8
30.2
14789.7
426.8
432.8
91.6
1879.3
162.1
669.4
413.2
680.7
2299.9
207.1
68.8
4.3
30
477.4
983.1
19.1
431.6
107.2
91.8
515.6
268.2
103.7
2.8
2161.1
11.7
122
335.1
99.3
710.8
55
2814.2
336.8
9022.1
265.6
898.4
843.2
468.8
2242.5
311.6
6496.6
961.4
203
131.2
510.2
99.5
12821.4
63.3
607.3
22.6
47
240.6
240.6
4.4
260.4
1690.3
5478
49082.8
838.7
3978.1
5922.2
32.3
4096.5
993.7
1083.2
859.2
1626.8
137.7
9937.4
1627.6
1883.7
1647
4919.1
1115
2244.5
3172.4
222.5
2934.5
67.1
169.1
5500.3
2287.8
6058.5
2604.1
6625.2
12749
1321.8
9024.7
960.9
1277.6
690.3
1587.5
2032.1
34.1
542.8
194.2
467.7
997.8
4797.8
3655.4
1475.9
298.1
5158
646.5
4917.8
5977.2
84.4
2161.4
1585.2
1592.8
3816.7
1076.7
1034.4
64.6
10759.2
227.1
20.4
3706
1408.5
33.7
5.6
11025.4
604.8
364.2
2165.4
4029.6
108.5
9890.2
9483.6
2077.1
1076.6
86486.2
1692.8
4048.6
1119.3
6201.4
9554.1
3032.2
2061.8
146.8
2036.3
766
13769.9
371.1
179.9
1495.8
376.4
190.3
1039.4
5556.2
780.4
1544.4
5031
807.4
79.8
1404.5
72.9
3438.5
354.6
363.4
4901.3
3939.9
811.8
463.2
13951
882.9
349.2
601.6
997.5
3075
698.7
8605.3
604.3
2677.4
2906.3
225
1681.2
246
432.1
2768.6
1485.8
3312.5
1686.8
3111.7
67.7
619.6
1279.4
2995.8
1401.3
406.2
785.4
2749.2
138.7
3985.2
636
1160.8
2029.9
2229.8
32.5
821.5
59.5
1799.4
280.4
1205.1
4361.9
2334.8
348
480.7
1898.9
2357.9
2731.5
1535.5
893
992.2
2353.7
512.7
1772.5
286.8
1766.2
616.8
1017.7
1258.7
13.8
1258.2
3001.6
352.9
4620
1055.6
6943.4
834.9
8818.5
99
1492.3
3456
1675.9
34.8
652.8
906.5
14.7
168.1
93.7
1119.8
316.3
10205.7
933.2
3517.9
1556.9
25330
2573.1
1222.6
2071.4
3389.4
1677
1146
5090.8
5898.6
13176
4311.7
9827.7
6125.4
196.8
112.6
891.9
1909.7
861.1
4165.8
103.2
51.6
4477.7
2902.6
8296.9
116.4
125.4
1283.5
39006.4
9149.8
7290
3294.7
862.9
1253.7
9854.6
796.7
1771.7
1314.4
1415.6
1118.4
15840.1
97.4
4263.3
20065.4
609.4
3640.6
928.3
1336.4
662.1
1217.1
252.4
3959.2
31565.1
1415.5
5815.6
634.2
2365.4
2186.9
36.6
205.6
728.9
10.3
122.1
3537.9
976.8
4060.3
225.1
1187.4
2588.1
1078.9
206
3463.4
2246.6
758.2
278.3
13083.5
1977.6
85
2861
6608.6
76.2
68.5
5083.5
3008.8
817.3
3272.5
748.7
60.5
4345.6
413.6
21761
492.7
37.1
802.5
123.8
740.7
45.1
243.3
499.4
36.6
43.9
23
523.7
6723
11940.9
577.7
320
36958
12.1
342.4
48
108.8
20.5
299.7
3789.3
631
11.7
1.6
203.9
5607.8
1288.2
135
553.2
2222.9
1228.5
426.3
203.7
4.4
110.5
38485.6
79969
29.3
6
278.9
723.7
278.2
356.4
195.6
787.4
96.3
756.1
770.2
130.9
80.1
3.9
840.5
64.2
451.6
46.2
1505.1
399.3
372.3
52.3
608.3
63.1
102.9
29.5
602
33.3
53.9
54.8
29.8
821.8
779.8
31.2
1036.8
55.3
13.4
3599.2
1451.3
78.1
5.6
3868.8
78.5
8910.7
8440.3
11.6
51
17.5
569.1
160.1
31.4
19690.8
242.2
19.5
304.8
29.3
228.5
11.7
22.3
10.6
963.4
270.1
569.2
2055.8
195.9
231
899.5
35.9
334.5
4944.9
552.9
51
104.4
12.6
412.7
60.8
319
24.2
346.7
141.4
149
94.4
159.6
128.4
129.2
11.9
371.1
88.2
92.3
3897.2
516.2
4342.7
425.7
2466.5
2042.3
4480.5
1845.6
299.1
1129.5
6136.7
348.2
473.3
1631.4
2743.1
4908.6
607.3
1501.5
2194.1
2623.6
1664.4
7092.9
598.2
2526.4
1783
1038.9
371.9
2198.1
1937.4
4958.5
1093.2
3918.7
5575.2
4706.9
2778.6
2555.9
1579.6
732
682.5
119.7
514
857
6971.2
18732.2
1695.9
27.8
1782.9
1016
358.1
1397
2623
793.7
6225.6
8383.3
1570.8
1812.8
832.4
11860.2
3808.4
3604.5
9919
3910.6
797.7
4382.5
1934.7
180.6
991.5
31.6
3380.1
850.8
407.3
413.8
1357.9
3460.9
478.6
2628.2
2035.8
3272.5
2264.7
10762.7
712.5
2746.4
7977.4
3563.5
20.9
3757.3
167.6
15729.6
5724.6
4288.6
4577.3
849
974.1
343.2
1556.1
2699.2
3127.6
1484.6
1559.6
511.8
1180.1
1343.5
1197.9
8571.5
8
7989.7
3136.3
3185.1
1721.6
442.5
282.7
4601.7
33.1
27.4
29.4
405.1
84.1
1605.3
914.2
2086.8
633
4931
39.4
3073.3
53.8
38.9
84.4
515.6
351.6
280.6
1155.4
739.7
203.3
496.5
560.2
3087.4
343
345.4
953
1358.7
37.6
2534.7
890
1097.4
1826.1
1497.6
1316.7
272.8
1880
4179.8
5220.1
1989.4
499.9
217.9
558.3
1338.4
1654.1
739.2
1766.4
6128.3
1093.9
195.3
322.9
477.4
325.5
980.1
792.3
460.5
441.4
4362.5
605.6
1718.7
699.4
179.4
950.3
419.1
39.9
3912
680.9
1017.9
429.8
2425.9
3783.2
761.7
537.2
5.4
946.6
259.5
430.1
717.6
250.3
791
221.8
1146.8
542.3
4071.6
114.8
636.2
3079.1
2320.6
9179.3
3793.5
612.7
82.7
975
321.5
1825.5
1538.7
386.6
1000.2
686.4
591.6
2658
14.9
1130.3
1325.2
1541.7
12402.3
1603.2
1350
2401.1
5953.5
3584.5
1199.7
1027.7
2180.2
2494.4
1992.8
58.5
5114.2
2261.5
2150.3
1182.6
1148.7
7398.8
581.4
28.3
5403.8
10035.6
81006.3
346.6
1250.4
2062.3
337.4
320.4
1110.5
4125.9
2214.8
600.2
51.3
2591.8
2748
58203.4
7182.8
2806.2
2345
51.2
639.9
2292.5
3812.8
100.1
6841.6
5883.8
24.6
98.7
66.5
39753.9
4479.4
5121.8
2980.9
86.8
655.6
1610.2
1942
6855.9
54153.6
11802.4
9593.9
944.3
8056.7
12.1
803.1
191.6
3099.1
113.2
890.6
57.2
994.4
630
1654.7
767.2
1637.4
1907.2
2503.9
123.8
1025.5
6440.3
689.9
6089.7
2420
1510
361.4
22236.6
347.7
229
612.7
48.6
24393.2
52.5
505.9
718.5
153.8
46.4
40.7
634.2
2129.5
72.5
154
203.1
66.1
295.1
250.9
372.7
120.6
30.5
444.4
132.9
7
519.4
9
277.9
150.8
64.3
721.1
177.4
75.6
1239.6
309.8
1755.4
324.4
107.1
55.5
122.8
119.9
105.6
168.2
37.5
552.9
196.8
311.4
20.4
101.2
454.7
401
104.8
15.9
43.1
174.8
88.1
4589.2
478.9
39482.1
17.7
1216.9
39.6
279.4
301.2
226.1
580.2
42415
59.4
1571.4
467.6
45.1
130.8
998.1
136.7
284.7
127.6
24.8
68.3
1740.5
1456.8
478.3
184.3
7.5
77.5
196
48.8
211.6
27.1
486
31.9
109.2
161.6
230.9
40
104.3
1289.9
77.8
50
43.8
66.3
9.1
513.8
5676.1
35.6
298.3
47.3
574.1
279.8
191.3
27.4
475.2
954.5
345.4
208.7
76.8
5866.2
1236.9
8142.9
1313.2
954.9
580.7
299.3
1232.4
1168.2
10.1
32
1617
1698.1
69.1
2916.7
515.4
223.3
51.5
225.4
390.5
973.7
4632.8
648.6
4195.7
1013.3
544.8
1148.3
183.1
3858.4
5292.5
41.5
1380.2
8684.2
394.8
576.3
688
3082.6
212.5
423.3
2014.7
4799.2
64.4
951.9
3182.7
1837.5
1762.2
3140.3
2953.8
744.8
380.2
312.7
465.3
2675.9
1435.2
121.5
3550.5
965.7
1246.5
135.1
177.7
760.5
107.9
89
2260.8
160.7
63.1
886.2
2309.5
1069.6
2987.8
15.8
29.2
79.2
288.8
622.5
764.8
315.1
656.8
68.4
281.2
1820.7
1447.6
1542.2
649
1257.1
9026.4
383.4
2498.2
424.8
101.6
16.7
684.1
767.8
2287.7
1227.3
910.3
2442.4
2064.8
2260.2
987.4
999.1
1189
3084.5
1029.7
5190.1
595.1
390.5
2185.3
2497.1
495.3
24124.7
1169.4
18072.6
3266.9
27.6
8277.9
11404.5
370.4
9996.7
2997.6
254.3
975.3
2858.8
2955.4
6001.6
1270.1
741.4
3586.1
447.8
12576.5
239
2085.2
197.3
10699.4
20.9
1299.8
1920.9
1664.7
5386.9
1381.4
29878.6
8
27
1716.4
24.4
12207.7
1334.8
2981.8
3579.9
7354.1
174
1223.1
2435.1
39
44.3
533.5
2053.6
1672.1
2736.6
2265.2
3886.3
4411.3
5366.3
1722.8
999.6
6441.5
1199.5
468.5
1963.2
2414.4
1911.2
3008.4
2288.9
2937.1
14.6
1467.5
602.3
1325
16157.6
4440.7
614.1
512.4
490.3
22.6
5845.4
7403
8243.7
5636.6
425.3
9615.5
12075.4
756.6
506.7
1008.1
2156.1
1610.4
157.1
53.2
184.6
59.3
53.3
112.3
68.4
336.8
19937.8
48.3
3622.5
239.1
1.1
232.2
2483.4
94.7
391.7
349.4
121.2
79.6
10.1
184.9
57
284.7
268.7
186.8
52.6
9.5
406.1
11.6
3516.4
92.6
1385.2
7.9
201.5
357.8
66.8
163.1
314.4
30
336.5
45.8
79.6
54
26.7
383.7
7.4
45
149.1
12.5
29.4
110.9
46.4
156.6
17.1
239.4
192.3
19.9
108.4
96
26.1
229
26.4
272.6
46.8
6.7
165.9
959.4
13.6
145.6
321.5
665.8
10.4
139.2
636.2
122.9
382.5
13.3
46.9
31.4
133.9
32.1
92
53.7
192.9
215.4
230.4
22.6
37.5
391.3
24.1
338.1
526.1
125.6
321.8
225.9
204.9
139.8
465
118.9
15.2
555.4
1176.5
92.1
168.6
60.7
46.2
117.2
103.3
278.5
221.4
766.4
1060.6
32.9
9
72.4
15.7
1606.4
1801.6
211.6
1347
1900.9
4361.3
233.4
780.7
2198.7
3245.9
256.2
611.8
166.4
5328.3
1624
990.4
2087.2
1563.6
41.6
20
3716.5
11653.9
1559.8
3008.5
3350.9
2740.7
2378.5
3707.4
4250.7
236.1
272.1
1082.3
2536.9
35.9
1805.3
2406.3
418.4
538.6
9347.1
240.6
3153
5271.9
1635.5
8267.3
3969.6
1725.9
31.3
3860.3
2528.1
1397.9
2216
920
48.8
153.6
882.3
557.8
1160.2
1724.7
940
42.6
889.8
5492.6
795.4
711.3
8270.3
82.1
256.6
3791.4
320.9
544.4
1505.4
100.2
165.4
52.9
569.9
880.1
1853.7
30.3
29.9
1301.9
502.4
190.6
1306.9
596
191.6
31.9
851.6
750.4
799.5
3578.8
1983.1
3084.4
2012.2
408.2
361.6
98.2
1010.1
430.4
549.9
2402.3
282.3
614.9
250.9
63.7
688.6
2321
107.3
821.8
742.7
470
1868.9
21475.2
2350.2
91
34.8
15862.6
6125.6
900.4
282.6
1855.3
106.5
265
728.1
4365
1065.9
39.4
4927.5
1043
389.5
206.2
901.4
933.2
1896
1417.7
602.3
83.3
66.7
806
1216
218
970.6
555.8
117.2
758.4
223.9
12.7
137.5
46.1
2045.8
3357.9
866
3276
1857
2718
701.4
197.4
3203.3
99.5
556.2
167.9
477.4
2375.9
157.8
4146.8
1339.3
29.5
2194.1
701.3
634.8
7.4
5250.3
474.6
1405.3
1368.3
8959.4
803
32.8
3114
1333.1
772.6
4313.5
535.6
23298.3
71.1
2700.4
1694.3
158.4
1855.4
3543.7
2384.5
3900.6
504.3
944.7
10590.3
10834.8
1540
2650.6
1415
1680.5
566.6
2529.1
434.9
44509.1
113.4
6431.3
14689.7
1142.6
3088.2
299.1
3379.8
7494.2
54535
1276.5
180
3061
196.4
3436.6
25.6
528.2
647.2
3263.7
1833.8
1240.6
5401.1
886.6
584.8
4191.1
24867.9
395.1
2160.8
1698.3
79.5
3218.5
3510.9
1377.8
1140.9
1824.9
6054
3816.6
7328.8
2812.9
486.2
3382.3
1188.4
1344.5
3322.8
165.4
147.2
2137.4
1054
682
1255.2
1663.4
946.1
3756.8
2323.1
2199.8
904.9
3047.8
4884.3
1388.2
6417.8
714.8
55.9
3175.1
9.1
34.7
40.1
621.2
320.9
235.1
509.6
1307
87.7
73.7
262.3
792.5
756.3
73.4
292.2
390.2
1641.9
19.3
37.3
6.2
24220
33209.4
251.6
444
633
26187.5
29
178.6
13.2
566
237.4
31.8
342.6
35.1
496.2
49.7
203.5
3088.8
1071.7
89.5
119.3
278.1
234.3
713.3
28.9
91.8
108.5
237.9
10.5
42.1
307.6
130.7
409
7.7
224.7
210
196.4
347.8
74.2
51.7
92.4
57.6
408.7
508.5
41.1
7.1
17
50.7
368.2
262.3
739.2
302.5
14
102.9
26.8
117
650.9
290.2
75.5
330.3
54
191.9
1534.4
529.4
32.8
12.5
122.7
62.7
219.8
203.8
186.4
405.4
204
60.1
173.8
173.4
68.2
57.6
123.9
693.7
4766.9
1076
90.7
3512.2
1657.1
412.8
852.2
2973.4
314.4
235.8
1293.4
232.2
33.4
32.8
32.9
688.9
6455.3
396.5
601.5
443.1
1100.1
100.6
970.8
1318.8
383.1
2123.8
1439.5
3594.8
55.7
24
25.3
2753.6
681.5
269.9
1817.6
203.4
2729.7
1020.8
2409.9
12.9
1246
547.5
16105.1
1558.2
4008.3
639.5
600.5
582.8
4949.3
553.2
1169.7
10953.8
113.3
1145.4
1600.4
4988.7
87.3
1536.9
1197.2
168.5
3432.2
308.1
1482.1
573
269.2
309.9
2285.2
635.1
19.6
262.7
20511.3
45.4
3.4
259.7
186.5
74.5
137.8
12284.2
30.7
6246.4
740.1
1034.8
204.3
23.9
3948.2
1909.1
57
3482.8
924.4
3975.2
194
1099.1
298.4
5.7
94.5
220.6
415.2
839.1
53.2
2608.7
2780.4
199.1
24542.8
7.5
81.7
70128
2250.5
2105.4
3466.6
82.6
2430.8
348
10103.9
2881.5
19979.5
13
20563.4
1783.4
585.6
45166.7
5447.8
18.5
35088.6
735.7
1106.1
37710.8
11136.3
175.1
39810.7
3109.5
17364.3
14824.3
2185.2
1517
1306.7
6990.2
580.7
6302.3
492
6.5
1865
5141.5
412.4
1849.1
53945.5
3829.6
309.5
1590.5
4054.2
279.9
4859.6
66.9
123.4
3791.1
5395.9
987.8
27406.3
812.3
1447.5
1304.1
3505.8
2591.2
1124.4
1652.3
877.6
1334.6
16482.8
15151.3
7841.2
798.6
25
331.5
163
1405.5
7412.3
1710.8
4697.1
1696.3
1141.6
3033.4
736.3
44
5284.8
152.6
115008
75127.4
474.8
1750.6
204.2
4997.6
27448.5
96011
2019.5
19515.2
471.8
21267.9
1305.2
3389.7
3337.9
649.5
524.4
326.7
935.2
523
304.4
76
86.4
2937.5
234.1
252.2
130.6
39.6
94.2
42.5
214.8
18.5
1122.2
217.8
164.7
705
72.8
236.4
58.8
22.7
70.6
181.1
197.2
665.7
11.7
1001.4
34.1
435
34.7
398.1
46.8
210.3
40.8
36.3
41.8
413.3
125.3
261.6
23.8
302.8
179.3
145.2
90
189.9
26.3
562.4
113.2
86458.8
12.7
1703
11
1243.7
215.9
82.3
218.3
404.7
28.3
52.9
583.2
46.1
19.6
15.7
702.1
28697.7
109.5
221.1
810.4
146.5
121.6
185.8
28.9
47.3
752
17.7
100.9
35.5
481.8
236.6
355.8
112.5
40.4
300
123.3
41.4
519.6
30.5
172.1
554.7
135.5
714.2
118.1
86.3
43.4
260.3
67.9
776.2
7.3
242.4
293.2
139.4
733.5
632.1
83.6
403.4
583.1
114.6
464.8
519.9
1822.1
358.7
3302.4
9.7
62.9
2460.1
634.9
2193.2
408.2
459.8
2020.1
4835.9
1422.7
1630
340
776.7
908.3
95
552.1
816
1576.4
79.1
761.3
365.7
775.2
29.4
2114.3
2432.1
632
251.7
50
77
1521.6
843.4
1113.7
547.1
297.9
26.2
100
63.2
699.1
58
51
23.8
1876.2
339.9
3599.5
627.3
43.1
176.1
1593.2
375.1
2184.2
618.9
129.2
2550.4
2146.9
512.8
873.8
867.6
11191.2
195.6
37.2
533.6
106.4
1071.5
66410.1
753.2
36837.6
388.4
37663.6
295.8
93874.1
930.5
102699
542.8
94727.3
415.4
575
37.4
14.7
1959.3
555.2
614.1
478.5
509.8
77.8
41.7
Media total: 2458.20619539
